1676440393119999
1676440393159999
1676440393199999
1676440393239999
1676440393279999
1676440393319999
1676440393359999
1676440393399999
1676440393439999
1676440393479999
1676440393519999
1676440393559999
1676440393599999
1676440393639999
1676440393679999
1676440393719999
1676440393759999
1676440393799999
1676440393839999
1676440393879999
1676440393919999
1676440393959999
1676440393999999
1676440394039999
1676440394079999
1676440394119999
1676440394159999
1676440394199999
1676440394239999
1676440394279999
1676440394319999
1676440394359999
1676440394399999
1676440394439999
1676440394479999
1676440394519999
1676440394559999
1676440394599999
1676440394639999
1676440394679999
1676440394719999
1676440394759999
1676440394799999
1676440394839999
1676440394879999
1676440394919999
1676440394959999
1676440394999999
1676440395039999
1676440395079999
1676440395119999
1676440395159999
1676440395199999
1676440395239999
1676440395279999
1676440395319999
1676440395359999
1676440395399999
1676440395439999
1676440395479999
1676440395519999
1676440395559999
1676440395599999
1676440395639999
1676440395679999
1676440395719999
1676440395759999
1676440395799999
1676440395839999
1676440395879999
1676440395919999
1676440395959999
1676440395999999
1676440396039999
1676440396079999
1676440396119999
1676440396159999
1676440396199999
1676440396239999
1676440396279999
1676440396319999
1676440396359999
1676440396399999
1676440396439999
1676440396479999
1676440396519999
1676440396559999
1676440396599999
1676440396639999
1676440396679999
1676440396719999
1676440396759999
1676440396799999
1676440396839999
1676440396879999
1676440396919999
1676440396959999
1676440396999999
1676440397039999
1676440397079999
1676440397119999
1676440397159999
1676440397199999
1676440397239999
1676440397279999
1676440397319999
1676440397359999
1676440397399999
1676440397439999
1676440397479999
1676440397519999
1676440397559999
1676440397599999
1676440397639999
1676440397679999
1676440397719999
1676440397759999
1676440397799999
1676440397839999
1676440397879999
1676440397919999
1676440397959999
1676440397999999
1676440398039999
1676440398079999
1676440398119999
1676440398159999
1676440398199999
1676440398239999
1676440398279999
1676440398319999
1676440398359999
1676440398399999
1676440398439999
1676440398479999
1676440398519999
1676440398559999
1676440398599999
1676440398639999
1676440398679999
1676440398719999
1676440398759999
1676440398799999
1676440398839999
1676440398879999
1676440398919999
1676440398959999
1676440398999999
1676440399039999
1676440399079999
1676440399119999
1676440399159999
1676440399199999
1676440399239999
1676440399279999
1676440399319999
1676440399359999
1676440399399999
1676440399439999
1676440399479999
1676440399519999
1676440399559999
1676440399599999
1676440399639999
1676440399679999
1676440399719999
1676440399759999
1676440399799999
1676440399839999
1676440399879999
1676440399919999
1676440399959999
1676440399999999
1676440400039999
1676440400079999
1676440400119999
1676440400159999
1676440400199999
1676440400239999
1676440400279999
1676440400319999
1676440400359999
1676440400399999
1676440400439999
1676440400479999
1676440400519999
1676440400559999
1676440400599999
1676440400639999
1676440400679999
1676440400719999
1676440400759999
1676440400799999
1676440400839999
1676440400879999
1676440400919999
1676440400959999
1676440400999999
1676440401039999
1676440401079999
1676440401119999
1676440401159999
1676440401199999
1676440401239999
1676440401279999
1676440401319999
1676440401359999
1676440401399999
1676440401439999
1676440401479999
1676440401519999
1676440401559999
1676440401599999
1676440401639999
1676440401679999
1676440401719999
1676440401759999
1676440401799999
1676440401839999
1676440401879999
1676440401919999
1676440401959999
1676440401999999
1676440402039999
1676440402079999
1676440402119999
1676440402159999
1676440402199999
1676440402239999
1676440402279999
1676440402319999
1676440402359999
1676440402399999
1676440402439999
1676440402479999
1676440402519999
1676440402559999
1676440402599999
1676440402639999
1676440402679999
1676440402719999
1676440402759999
1676440402799999
1676440402839999
1676440402879999
1676440402919999
1676440402959999
1676440402999999
1676440403039999
1676440403079999
1676440403119999
1676440403159999
1676440403199999
1676440403239999
1676440403279999
1676440403319999
1676440403359999
1676440403399999
1676440403439999
1676440403479999
1676440403519999
1676440403559999
1676440403599999
1676440403639999
1676440403679999
1676440403719999
1676440403759999
1676440403799999
1676440403839999
1676440403879999
1676440403919999
1676440403959999
1676440403999999
1676440404039999
1676440404079999
1676440404119999
1676440404159999
1676440404199999
1676440404239999
1676440404279999
1676440404319999
1676440404359999
1676440404399999
1676440404439999
1676440404479999
1676440404519999
1676440404559999
1676440404599999
1676440404639999
1676440404679999
1676440404719999
1676440404759999
1676440404799999
1676440404839999
1676440404879999
1676440404919999
1676440404959999
1676440404999999
1676440405039999
1676440405079999
1676440405119999
1676440405159999
1676440405199999
1676440405239999
1676440405279999
1676440405319999
1676440405359999
1676440405399999
1676440405439999
1676440405479999
1676440405519999
1676440405559999
1676440405599999
1676440405639999
1676440405679999
1676440405719999
1676440405759999
1676440405799999
1676440405839999
1676440405879999
1676440405919999
1676440405959999
1676440405999999
1676440406039999
1676440406079999
1676440406119999
1676440406159999
1676440406199999
1676440406239999
1676440406279999
1676440406319999
1676440406359999
1676440406399999
1676440406439999
1676440406479999
1676440406519999
1676440406559999
1676440406599999
1676440406639999
1676440406679999
1676440406719999
1676440406759999
1676440406799999
1676440406839999
1676440406879999
1676440406919999
1676440406959999
1676440406999999
1676440407039999
1676440407079999
1676440407119999
1676440407159999
1676440407199999
1676440407239999
1676440407279999
1676440407319999
1676440407359999
1676440407399999
1676440407439999
1676440407479999
1676440407519999
1676440407559999
1676440407599999
1676440407639999
1676440407679999
1676440407719999
1676440407759999
1676440407799999
1676440407839999
1676440407879999
1676440407919999
1676440407959999
1676440407999999
1676440408039999
1676440408079999
1676440408119999
1676440408159999
1676440408199999
1676440408239999
1676440408279999
1676440408319999
1676440408359999
1676440408399999
1676440408439999
1676440408479999
1676440408519999
1676440408559999
1676440408599999
1676440408639999
1676440408679999
1676440408719999
1676440408759999
1676440408799999
1676440408839999
1676440408879999
1676440408919999
1676440408959999
1676440408999999
1676440409039999
1676440409079999
1676440409119999
1676440409159999
1676440409199999
1676440409239999
1676440409279999
1676440409319999
1676440409359999
1676440409399999
1676440409439999
1676440409479999
1676440409519999
1676440409559999
1676440409599999
1676440409639999
1676440409679999
1676440409719999
1676440409759999
1676440409799999
1676440409839999
1676440409879999
1676440409919999
1676440409959999
1676440409999999
1676440410039999
1676440410079999
1676440410119999
1676440410159999
1676440410199999
1676440410239999
1676440410279999
1676440410319999
1676440410359999
1676440410399999
1676440410439999
1676440410479999
1676440410519999
1676440410559999
1676440410599999
1676440410639999
1676440410679999
1676440410719999
1676440410759999
1676440410799999
1676440410839999
1676440410879999
1676440410919999
1676440410959999
1676440410999999
1676440411039999
1676440411079999
1676440411119999
1676440411159999
1676440411199999
1676440411239999
1676440411279999
1676440411319999
1676440411359999
1676440411399999
1676440411439999
1676440411479999
1676440411519999
1676440411559999
1676440411599999
1676440411639999
1676440411679999
1676440411719999
1676440411759999
1676440411799999
1676440411839999
1676440411879999
1676440411919999
1676440411959999
1676440411999999
1676440412039999
1676440412079999
1676440412119999
1676440412159999
1676440412199999
1676440412239999
1676440412279999
1676440412319999
1676440412359999
1676440412399999
1676440412439999
1676440412479999
1676440412519999
1676440412559999
1676440412599999
1676440412639999
1676440412679999
1676440412719999
1676440412759999
1676440412799999
1676440412839999
1676440412879999
1676440412919999
1676440412959999
1676440412999999
1676440413039999
1676440413079999
1676440413119999
1676440413159999
1676440413199999
1676440413239999
1676440413279999
1676440413319999
1676440413359999
1676440413399999
1676440413439999
1676440413479999
1676440413519999
1676440413559999
1676440413599999
1676440413639999
1676440413679999
1676440413719999
1676440413759999
1676440413799999
1676440413839999
1676440413879999
1676440413919999
1676440413959999
1676440413999999
1676440414039999
1676440414079999
1676440414119999
1676440414159999
1676440414199999
1676440414239999
1676440414279999
1676440414319999
1676440414359999
1676440414399999
1676440414439999
1676440414479999
1676440414519999
1676440414559999
1676440414599999
1676440414639999
1676440414679999
1676440414719999
1676440414759999
1676440414799999
1676440414839999
1676440414879999
1676440414919999
1676440414959999
1676440414999999
1676440415039999
1676440415079999
1676440415119999
1676440415159999
1676440415199999
1676440415239999
1676440415279999
1676440415319999
1676440415359999
1676440415399999
1676440415439999
1676440415479999
1676440415519999
1676440415559999
1676440415599999
1676440415639999
1676440415679999
1676440415719999
1676440415759999
1676440415799999
1676440415839999
1676440415879999
1676440415919999
1676440415959999
1676440415999999
1676440416039999
1676440416079999
1676440416119999
1676440416159999
1676440416199999
1676440416239999
1676440416279999
1676440416319999
1676440416359999
1676440416399999
1676440416439999
1676440416479999
1676440416519999
1676440416559999
1676440416599999
1676440416639999
1676440416679999
1676440416719999
1676440416759999
1676440416799999
1676440416839999
1676440416879999
1676440416919999
1676440416959999
1676440416999999
1676440417039999
1676440417079999
1676440417119999
1676440417159999
1676440417199999
1676440417239999
1676440417279999
1676440417319999
1676440417359999
1676440417399999
1676440417439999
1676440417479999
1676440417519999
1676440417559999
1676440417599999
1676440417639999
1676440417679999
1676440417719999
1676440417759999
1676440417799999
1676440417839999
1676440417879999
1676440417919999
1676440417959999
1676440417999999
1676440418039999
1676440418079999
1676440418119999
1676440418159999
1676440418199999
1676440418239999
1676440418279999
1676440418319999
1676440418359999
1676440418399999
1676440418439999
1676440418479999
1676440418519999
1676440418559999
1676440418599999
1676440418639999
1676440418679999
1676440418719999
1676440418759999
1676440418799999
1676440418839999
1676440418879999
1676440418919999
1676440418959999
1676440418999999
1676440419039999
1676440419079999
1676440419119999
1676440419159999
1676440419199999
1676440419239999
1676440419279999
1676440419319999
1676440419359999
1676440419399999
1676440419439999
1676440419479999
1676440419519999
1676440419559999
1676440419599999
1676440419639999
1676440419679999
1676440419719999
1676440419759999
1676440419799999
1676440419839999
1676440419879999
1676440419919999
1676440419959999
1676440419999999
1676440420039999
1676440420079999
1676440420119999
1676440420159999
1676440420199999
1676440420239999
1676440420279999
1676440420319999
1676440420359999
1676440420399999
1676440420439999
1676440420479999
1676440420519999
1676440420559999
1676440420599999
1676440420639999
1676440420679999
1676440420719999
1676440420759999
1676440420799999
1676440420839999
1676440420879999
1676440420919999
1676440420959999
1676440420999999
1676440421039999
1676440421079999
1676440421119999
1676440421159999
1676440421199999
1676440421239999
1676440421279999
1676440421319999
1676440421359999
1676440421399999
1676440421439999
1676440421479999
1676440421519999
1676440421559999
1676440421599999
1676440421639999
1676440421679999
1676440421719999
1676440421759999
1676440421799999
1676440421839999
1676440421879999
1676440421919999
1676440421959999
1676440421999999
1676440422039999
1676440422079999
1676440422119999
1676440422159999
1676440422199999
1676440422239999
1676440422279999
1676440422319999
1676440422359999
1676440422399999
1676440422439999
1676440422479999
1676440422519999
1676440422559999
1676440422599999
1676440422639999
1676440422679999
1676440422719999
1676440422759999
1676440422799999
1676440422839999
1676440422879999
1676440422919999
1676440422959999
1676440422999999
1676440423039999
1676440423079999
1676440423119999
1676440423159999
1676440423199999
1676440423239999
1676440423279999
1676440423319999
1676440423359999
1676440423399999
1676440423439999
1676440423479999
1676440423519999
1676440423559999
1676440423599999
1676440423639999
1676440423679999
1676440423719999
1676440423759999
1676440423799999
1676440423839999
1676440423879999
1676440423919999
1676440423959999
1676440423999999
1676440424039999
1676440424079999
1676440424119999
1676440424159999
1676440424199999
1676440424239999
1676440424279999
1676440424319999
1676440424359999
1676440424399999
1676440424439999
1676440424479999
1676440424519999
1676440424559999
1676440424599999
1676440424639999
1676440424679999
1676440424719999
1676440424759999
1676440424799999
1676440424839999
1676440424879999
1676440424919999
1676440424959999
1676440424999999
1676440425039999
1676440425079999
1676440425119999
1676440425159999
1676440425199999
1676440425239999
1676440425279999
1676440425319999
1676440425359999
1676440425399999
1676440425439999
1676440425479999
1676440425519999
1676440425559999
1676440425599999
1676440425639999
1676440425679999
1676440425719999
1676440425759999
1676440425799999
1676440425839999
1676440425879999
1676440425919999
1676440425959999
1676440425999999
1676440426039999
1676440426079999
1676440426119999
1676440426159999
1676440426199999
1676440426239999
1676440426279999
1676440426319999
1676440426359999
1676440426399999
1676440426439999
1676440426479999
1676440426519999
1676440426559999
1676440426599999
1676440426639999
1676440426679999
1676440426719999
1676440426759999
1676440426799999
1676440426839999
1676440426879999
1676440426919999
1676440426959999
1676440426999999
1676440427039999
1676440427079999
1676440427119999
1676440427159999
1676440427199999
1676440427239999
1676440427279999
1676440427319999
1676440427359999
1676440427399999
1676440427439999
1676440427479999
1676440427519999
1676440427559999
1676440427599999
1676440427639999
1676440427679999
1676440427719999
1676440427759999
1676440427799999
1676440427839999
1676440427879999
1676440427919999
1676440427959999
1676440427999999
1676440428039999
1676440428079999
1676440428119999
1676440428159999
1676440428199999
1676440428239999
1676440428279999
1676440428319999
1676440428359999
1676440428399999
1676440428439999
1676440428479999
1676440428519999
1676440428559999
1676440428599999
1676440428639999
1676440428679999
1676440428719999
1676440428759999
1676440428799999
1676440428839999
1676440428879999
1676440428919999
1676440428959999
1676440428999999
1676440429039999
1676440429079999
1676440429119999
1676440429159999
1676440429199999
1676440429239999
1676440429279999
1676440429319999
1676440429359999
1676440429399999
1676440429439999
1676440429479999
1676440429519999
1676440429559999
1676440429599999
1676440429639999
1676440429679999
1676440429719999
1676440429759999
1676440429799999
1676440429839999
1676440429879999
1676440429919999
1676440429959999
1676440429999999
1676440430039999
1676440430079999
1676440430119999
1676440430159999
1676440430199999
1676440430239999
1676440430279999
1676440430319999
1676440430359999
1676440430399999
1676440430439999
1676440430479999
1676440430519999
1676440430559999
1676440430599999
1676440430639999
1676440430679999
1676440430719999
1676440430759999
1676440430799999
1676440430839999
1676440430879999
1676440430919999
1676440430959999
1676440430999999
1676440431039999
1676440431079999
1676440431119999
1676440431159999
1676440431199999
1676440431239999
1676440431279999
1676440431319999
1676440431359999
1676440431399999
1676440431439999
1676440431479999
1676440431519999
1676440431559999
1676440431599999
1676440431639999
1676440431679999
1676440431719999
1676440431759999
1676440431799999
1676440431839999
1676440431879999
1676440431919999
1676440431959999
1676440431999999
1676440432039999
1676440432079999
1676440432119999
1676440432159999
1676440432199999
1676440432239999
1676440432279999
1676440432319999
1676440432359999
1676440432399999
1676440432439999
1676440432479999
1676440432519999
1676440432559999
1676440432599999
1676440432639999
1676440432679999
1676440432719999
1676440432759999
1676440432799999
1676440432839999
1676440432879999
1676440432919999
1676440432959999
1676440432999999
1676440433039999
1676440433079999
1676440433119999
1676440433159999
1676440433199999
1676440433239999
1676440433279999
1676440433319999
1676440433359999
1676440433399999
1676440433439999
1676440433479999
1676440433519999
1676440433559999
1676440433599999
1676440433639999
1676440433679999
1676440433719999
1676440433759999
1676440433799999
1676440433839999
1676440433879999
1676440433919999
1676440433959999
1676440433999999
1676440434039999
1676440434079999
1676440434119999
1676440434159999
1676440434199999
1676440434239999
1676440434279999
1676440434319999
1676440434359999
1676440434399999
1676440434439999
1676440434479999
1676440434519999
1676440434559999
1676440434599999
1676440434639999
1676440434679999
1676440434719999
1676440434759999
1676440434799999
1676440434839999
1676440434879999
1676440434919999
1676440434959999
1676440434999999
1676440435039999
1676440435079999
1676440435119999
1676440435159999
1676440435199999
1676440435239999
1676440435279999
1676440435319999
1676440435359999
1676440435399999
1676440435439999
1676440435479999
1676440435519999
1676440435559999
1676440435599999
1676440435639999
1676440435679999
1676440435719999
1676440435759999
1676440435799999
1676440435839999
1676440435879999
1676440435919999
1676440435959999
1676440435999999
1676440436039999
1676440436079999
1676440436119999
1676440436159999
1676440436199999
1676440436239999
1676440436279999
1676440436319999
1676440436359999
1676440436399999
1676440436439999
1676440436479999
1676440436519999
1676440436559999
1676440436599999
1676440436639999
1676440436679999
1676440436719999
1676440436759999
1676440436799999
1676440436839999
1676440436879999
1676440436919999
1676440436959999
1676440436999999
1676440437039999
1676440437079999
1676440437119999
1676440437159999
1676440437199999
1676440437239999
1676440437279999
1676440437319999
1676440437359999
1676440437399999
1676440437439999
1676440437479999
1676440437519999
1676440437559999
1676440437599999
1676440437639999
1676440437679999
1676440437719999
1676440437759999
1676440437799999
1676440437839999
1676440437879999
1676440437919999
1676440437959999
1676440437999999
1676440438039999
1676440438079999
1676440438119999
1676440438159999
1676440438199999
1676440438239999
1676440438279999
1676440438319999
1676440438359999
1676440438399999
1676440438439999
1676440438479999
1676440438519999
1676440438559999
1676440438599999
1676440438639999
1676440438679999
1676440438719999
1676440438759999
1676440438799999
1676440438839999
1676440438879999
1676440438919999
1676440438959999
1676440438999999
1676440439039999
1676440439079999
1676440439119999
1676440439159999
1676440439199999
1676440439239999
1676440439279999
1676440439319999
1676440439359999
1676440439399999
1676440439439999
1676440439479999
1676440439519999
1676440439559999
1676440439599999
1676440439639999
1676440439679999
1676440439719999
1676440439759999
1676440439799999
1676440439839999
1676440439879999
1676440439919999
1676440439959999
1676440439999999
1676440440039999
1676440440079999
1676440440119999
1676440440159999
1676440440199999
1676440440239999
1676440440279999
1676440440319999
1676440440359999
1676440440399999
1676440440439999
1676440440479999
1676440440519999
1676440440559999
1676440440599999
1676440440639999
1676440440679999
1676440440719999
1676440440759999
1676440440799999
1676440440839999
1676440440879999
1676440440919999
1676440440959999
1676440440999999
1676440441039999
1676440441079999
1676440441119999
1676440441159999
1676440441199999
1676440441239999
1676440441279999
1676440441319999
1676440441359999
1676440441399999
1676440441439999
1676440441479999
1676440441519999
1676440441559999
1676440441599999
1676440441639999
1676440441679999
1676440441719999
1676440441759999
1676440441799999
1676440441839999
1676440441879999
1676440441919999
1676440441959999
1676440441999999
1676440442039999
1676440442079999
1676440442119999
1676440442159999
1676440442199999
1676440442239999
1676440442279999
1676440442319999
1676440442359999
1676440442399999
1676440442439999
1676440442479999
1676440442519999
1676440442559999
1676440442599999
1676440442639999
1676440442679999
1676440442719999
1676440442759999
1676440442799999
1676440442839999
1676440442879999
1676440442919999
1676440442959999
1676440442999999
1676440443039999
1676440443079999
1676440443119999
1676440443159999
1676440443199999
1676440443239999
1676440443279999
1676440443319999
1676440443359999
1676440443399999
1676440443439999
1676440443479999
1676440443519999
1676440443559999
1676440443599999
1676440443639999
1676440443679999
1676440443719999
1676440443759999
1676440443799999
1676440443839999
1676440443879999
1676440443919999
1676440443959999
1676440443999999
1676440444039999
1676440444079999
1676440444119999
1676440444159999
1676440444199999
1676440444239999
1676440444279999
1676440444319999
1676440444359999
1676440444399999
1676440444439999
1676440444479999
1676440444519999
1676440444559999
1676440444599999
1676440444639999
1676440444679999
1676440444719999
1676440444759999
1676440444799999
1676440444839999
1676440444879999
1676440444919999
1676440444959999
1676440444999999
1676440445039999
1676440445079999
1676440445119999
1676440445159999
1676440445199999
1676440445239999
1676440445279999
1676440445319999
1676440445359999
1676440445399999
1676440445439999
1676440445479999
1676440445519999
1676440445559999
1676440445599999
1676440445639999
1676440445679999
1676440445719999
1676440445759999
1676440445799999
1676440445839999
1676440445879999
1676440445919999
1676440445959999
1676440445999999
1676440446039999
1676440446079999
1676440446119999
1676440446159999
1676440446199999
1676440446239999
1676440446279999
1676440446319999
1676440446359999
1676440446399999
1676440446439999
1676440446479999
1676440446519999
1676440446559999
1676440446599999
1676440446639999
1676440446679999
1676440446719999
1676440446759999
1676440446799999
1676440446839999
1676440446879999
1676440446919999
1676440446959999
1676440446999999
1676440447039999
1676440447079999
1676440447119999
1676440447159999
1676440447199999
1676440447239999
1676440447279999
1676440447319999
1676440447359999
1676440447399999
1676440447439999
1676440447479999
1676440447519999
1676440447559999
1676440447599999
1676440447639999
1676440447679999
1676440447719999
1676440447759999
1676440447799999
1676440447839999
1676440447879999
1676440447919999
1676440447959999
1676440447999999
1676440448039999
1676440448079999
1676440448119999
1676440448159999
1676440448199999
1676440448239999
1676440448279999
1676440448319999
1676440448359999
1676440448399999
1676440448439999
1676440448479999
1676440448519999
1676440448559999
1676440448599999
1676440448639999
1676440448679999
1676440448719999
1676440448759999
1676440448799999
1676440448839999
1676440448879999
1676440448919999
1676440448959999
1676440448999999
1676440449039999
1676440449079999
1676440449119999
1676440449159999
1676440449199999
1676440449239999
1676440449279999
1676440449319999
1676440449359999
1676440449399999
1676440449439999
1676440449479999
1676440449519999
1676440449559999
1676440449599999
1676440449639999
1676440449679999
1676440449719999
1676440449759999
1676440449799999
1676440449839999
1676440449879999
1676440449919999
1676440449959999
1676440449999999
1676440450039999
1676440450079999
1676440450119999
1676440450159999
1676440450199999
1676440450239999
1676440450279999
1676440450319999
1676440450359999
1676440450399999
1676440450439999
1676440450479999
1676440450519999
1676440450559999
1676440450599999
1676440450639999
1676440450679999
1676440450719999
1676440450759999
1676440450799999
1676440450839999
1676440450879999
1676440450919999
1676440450959999
1676440450999999
1676440451039999
1676440451079999
1676440451119999
1676440451159999
1676440451199999
1676440451239999
1676440451279999
1676440451319999
1676440451359999
1676440451399999
1676440451439999
1676440451479999
1676440451519999
1676440451559999
1676440451599999
1676440451639999
1676440451679999
1676440451719999
1676440451759999
1676440451799999
1676440451839999
1676440451879999
1676440451919999
1676440451959999
1676440451999999
1676440452039999
1676440452079999
1676440452119999
1676440452159999
1676440452199999
1676440452239999
1676440452279999
1676440452319999
1676440452359999
1676440452399999
1676440452439999
1676440452479999
1676440452519999
1676440452559999
1676440452599999
1676440452639999
1676440452679999
1676440452719999
1676440452759999
1676440452799999
1676440452839999
1676440452879999
1676440452919999
1676440452959999
1676440452999999
1676440453039999
1676440453079999
1676440453119999
1676440453159999
1676440453199999
1676440453239999
1676440453279999
1676440453319999
1676440453359999
1676440453399999
1676440453439999
1676440453479999
1676440453519999
1676440453559999
1676440453599999
1676440453639999
1676440453679999
1676440453719999
1676440453759999
1676440453799999
1676440453839999
1676440453879999
1676440453919999
1676440453959999
1676440453999999
1676440454039999
1676440454079999
1676440454119999
1676440454159999
1676440454199999
1676440454239999
1676440454279999
1676440454319999
1676440454359999
1676440454399999
1676440454439999
1676440454479999
1676440454519999
1676440454559999
1676440454599999
1676440454639999
1676440454679999
1676440454719999
1676440454759999
1676440454799999
1676440454839999
1676440454879999
1676440454919999
1676440454959999
1676440454999999
1676440455039999
1676440455079999
1676440455119999
1676440455159999
1676440455199999
1676440455239999
1676440455279999
1676440455319999
1676440455359999
1676440455399999
1676440455439999
1676440455479999
1676440455519999
1676440455559999
1676440455599999
1676440455639999
1676440455679999
1676440455719999
1676440455759999
1676440455799999
1676440455839999
1676440455879999
1676440455919999
1676440455959999
1676440455999999
1676440456039999
1676440456079999
1676440456119999
1676440456159999
1676440456199999
1676440456239999
1676440456279999
1676440456319999
1676440456359999
1676440456399999
1676440456439999
1676440456479999
1676440456519999
1676440456559999
1676440456599999
1676440456639999
1676440456679999
1676440456719999
1676440456759999
1676440456799999
1676440456839999
1676440456879999
1676440456919999
1676440456959999
1676440456999999
1676440457039999
1676440457079999
1676440457119999
1676440457159999
1676440457199999
1676440457239999
1676440457279999
1676440457319999
1676440457359999
1676440457399999
1676440457439999
1676440457479999
1676440457519999
1676440457559999
1676440457599999
1676440457639999
1676440457679999
1676440457719999
1676440457759999
1676440457799999
1676440457839999
1676440457879999
1676440457919999
1676440457959999
1676440457999999
1676440458039999
1676440458079999
1676440458119999
1676440458159999
1676440458199999
1676440458239999
1676440458279999
1676440458319999
1676440458359999
1676440458399999
1676440458439999
1676440458479999
1676440458519999
1676440458559999
1676440458599999
1676440458639999
1676440458679999
1676440458719999
1676440458759999
1676440458799999
1676440458839999
1676440458879999
1676440458919999
1676440458959999
1676440458999999
1676440459039999
1676440459079999
1676440459119999
1676440459159999
1676440459199999
1676440459239999
1676440459279999
1676440459319999
1676440459359999
1676440459399999
1676440459439999
1676440459479999
1676440459519999
1676440459559999
1676440459599999
1676440459639999
1676440459679999
1676440459719999
1676440459759999
1676440459799999
1676440459839999
1676440459879999
1676440459919999
1676440459959999
1676440459999999
1676440460039999
1676440460079999
1676440460119999
1676440460159999
1676440460199999
1676440460239999
1676440460279999
1676440460319999
1676440460359999
1676440460399999
1676440460439999
1676440460479999
1676440460519999
1676440460559999
1676440460599999
1676440460639999
1676440460679999
1676440460719999
1676440460759999
1676440460799999
1676440460839999
1676440460879999
1676440460919999
1676440460959999
1676440460999999
1676440461039999
1676440461079999
1676440461119999
1676440461159999
1676440461199999
1676440461239999
1676440461279999
1676440461319999
1676440461359999
1676440461399999
1676440461439999
1676440461479999
1676440461519999
1676440461559999
1676440461599999
1676440461639999
1676440461679999
1676440461719999
1676440461759999
1676440461799999
1676440461839999
1676440461879999
1676440461919999
1676440461959999
1676440461999999
1676440462039999
1676440462079999
1676440462119999
1676440462159999
1676440462199999
1676440462239999
1676440462279999
1676440462319999
1676440462359999
1676440462399999
1676440462439999
1676440462479999
1676440462519999
1676440462559999
1676440462599999
1676440462639999
1676440462679999
1676440462719999
1676440462759999
1676440462799999
1676440462839999
1676440462879999
1676440462919999
1676440462959999
1676440462999999
1676440463039999
1676440463079999
1676440463119999
1676440463159999
1676440463199999
1676440463239999
1676440463279999
1676440463319999
1676440463359999
1676440463399999
1676440463439999
1676440463479999
1676440463519999
1676440463559999
1676440463599999
1676440463639999
1676440463679999
1676440463719999
1676440463759999
1676440463799999
1676440463839999
1676440463879999
1676440463919999
1676440463959999
1676440463999999
1676440464039999
1676440464079999
1676440464119999
1676440464159999
1676440464199999
1676440464239999
1676440464279999
1676440464319999
1676440464359999
1676440464399999
1676440464439999
1676440464479999
1676440464519999
1676440464559999
1676440464599999
1676440464639999
1676440464679999
1676440464719999
1676440464759999
1676440464799999
1676440464839999
1676440464879999
1676440464919999
1676440464959999
1676440464999999
1676440465039999
1676440465079999
1676440465119999
1676440465159999
1676440465199999
1676440465239999
1676440465279999
1676440465319999
1676440465359999
1676440465399999
1676440465439999
1676440465479999
1676440465519999
1676440465559999
1676440465599999
1676440465639999
1676440465679999
1676440465719999
1676440465759999
1676440465799999
1676440465839999
1676440465879999
1676440465919999
1676440465959999
1676440465999999
1676440466039999
1676440466079999
1676440466119999
1676440466159999
1676440466199999
1676440466239999
1676440466279999
1676440466319999
1676440466359999
1676440466399999
1676440466439999
1676440466479999
1676440466519999
1676440466559999
1676440466599999
1676440466639999
1676440466679999
1676440466719999
1676440466759999
1676440466799999
1676440466839999
1676440466879999
1676440466919999
1676440466959999
1676440466999999
1676440467039999
1676440467079999
1676440467119999
1676440467159999
1676440467199999
1676440467239999
1676440467279999
1676440467319999
1676440467359999
1676440467399999
1676440467439999
1676440467479999
1676440467519999
1676440467559999
1676440467599999
1676440467639999
1676440467679999
1676440467719999
1676440467759999
1676440467799999
1676440467839999
1676440467879999
1676440467919999
1676440467959999
1676440467999999
1676440468039999
1676440468079999
1676440468119999
1676440468159999
1676440468199999
1676440468239999
1676440468279999
1676440468319999
1676440468359999
1676440468399999
1676440468439999
1676440468479999
1676440468519999
1676440468559999
1676440468599999
1676440468639999
1676440468679999
1676440468719999
1676440468759999
1676440468799999
1676440468839999
1676440468879999
1676440468919999
1676440468959999
1676440468999999
1676440469039999
1676440469079999
1676440469119999
1676440469159999
1676440469199999
1676440469239999
1676440469279999
1676440469319999
1676440469359999
1676440469399999
1676440469439999
1676440469479999
1676440469519999
1676440469559999
1676440469599999
1676440469639999
1676440469679999
1676440469719999
1676440469759999
1676440469799999
1676440469839999
1676440469879999
1676440469919999
1676440469959999
1676440469999999
1676440470039999
1676440470079999
1676440470119999
1676440470159999
1676440470199999
1676440470239999
1676440470279999
1676440470319999
1676440470359999
1676440470399999
1676440470439999
1676440470479999
1676440470519999
1676440470559999
1676440470599999
1676440470639999
1676440470679999
1676440470719999
1676440470759999
1676440470799999
1676440470839999
1676440470879999
1676440470919999
1676440470959999
1676440470999999
1676440471039999
1676440471079999
1676440471119999
1676440471159999
1676440471199999
1676440471239999
1676440471279999
1676440471319999
1676440471359999
1676440471399999
1676440471439999
1676440471479999
1676440471519999
1676440471559999
1676440471599999
1676440471639999
1676440471679999
1676440471719999
1676440471759999
1676440471799999
1676440471839999
1676440471879999
1676440471919999
1676440471959999
1676440471999999
1676440472039999
1676440472079999
1676440472119999
1676440472159999
1676440472199999
1676440472239999
1676440472279999
1676440472319999
1676440472359999
1676440472399999
1676440472439999
1676440472479999
1676440472519999
1676440472559999
1676440472599999
1676440472639999
1676440472679999
1676440472719999
1676440472759999
1676440472799999
1676440472839999
1676440472879999
1676440472919999
1676440472959999
1676440472999999
1676440473039999
1676440473079999
1676440473119999
1676440473159999
1676440473199999
1676440473239999
1676440473279999
1676440473319999
1676440473359999
1676440473399999
1676440473439999
1676440473479999
1676440473519999
1676440473559999
1676440473599999
1676440473639999
1676440473679999
1676440473719999
1676440473759999
1676440473799999
1676440473839999
1676440473879999
1676440473919999
1676440473959999
1676440473999999
1676440474039999
1676440474079999
1676440474119999
1676440474159999
1676440474199999
1676440474239999
1676440474279999
1676440474319999
1676440474359999
1676440474399999
1676440474439999
1676440474479999
1676440474519999
1676440474559999
1676440474599999
1676440474639999
1676440474679999
1676440474719999
1676440474759999
1676440474799999
1676440474839999
1676440474879999
1676440474919999
1676440474959999
1676440474999999
1676440475039999
1676440475079999
1676440475119999
1676440475159999
1676440475199999
1676440475239999
1676440475279999
1676440475319999
1676440475359999
1676440475399999
1676440475439999
1676440475479999
1676440475519999
1676440475559999
1676440475599999
1676440475639999
1676440475679999
1676440475719999
1676440475759999
1676440475799999
1676440475839999
1676440475879999
1676440475919999
1676440475959999
1676440475999999
1676440476039999
1676440476079999
1676440476119999
1676440476159999
1676440476199999
1676440476239999
1676440476279999
1676440476319999
1676440476359999
1676440476399999
1676440476439999
1676440476479999
1676440476519999
1676440476559999
1676440476599999
1676440476639999
1676440476679999
1676440476719999
1676440476759999
1676440476799999
1676440476839999
1676440476879999
1676440476919999
1676440476959999
1676440476999999
1676440477039999
1676440477079999
1676440477119999
1676440477159999
1676440477199999
1676440477239999
1676440477279999
1676440477319999
1676440477359999
1676440477399999
1676440477439999
1676440477479999
1676440477519999
1676440477559999
1676440477599999
1676440477639999
1676440477679999
1676440477719999
1676440477759999
1676440477799999
1676440477839999
1676440477879999
1676440477919999
1676440477959999
1676440477999999
1676440478039999
1676440478079999
1676440478119999
1676440478159999
1676440478199999
1676440478239999
1676440478279999
1676440478319999
1676440478359999
1676440478399999
1676440478439999
1676440478479999
1676440478519999
1676440478559999
1676440478599999
1676440478639999
1676440478679999
1676440478719999
1676440478759999
1676440478799999
1676440478839999
1676440478879999
1676440478919999
1676440478959999
1676440478999999
1676440479039999
1676440479079999
1676440479119999
1676440479159999
1676440479199999
1676440479239999
1676440479279999
1676440479319999
1676440479359999
1676440479399999
1676440479439999
1676440479479999
1676440479519999
1676440479559999
1676440479599999
1676440479639999
1676440479679999
1676440479719999
1676440479759999
1676440479799999
1676440479839999
1676440479879999
1676440479919999
1676440479959999
1676440479999999
1676440480039999
1676440480079999
1676440480119999
1676440480159999
1676440480199999
1676440480239999
1676440480279999
1676440480319999
1676440480359999
1676440480399999
1676440480439999
1676440480479999
1676440480519999
1676440480559999
1676440480599999
1676440480639999
1676440480679999
1676440480719999
1676440480759999
1676440480799999
1676440480839999
1676440480879999
1676440480919999
1676440480959999
1676440480999999
1676440481039999
1676440481079999
1676440481119999
1676440481159999
1676440481199999
1676440481239999
1676440481279999
1676440481319999
1676440481359999
1676440481399999
1676440481439999
1676440481479999
1676440481519999
1676440481559999
1676440481599999
1676440481639999
1676440481679999
1676440481719999
1676440481759999
1676440481799999
1676440481839999
1676440481879999
1676440481919999
1676440481959999
1676440481999999
1676440482039999
1676440482079999
1676440482119999
1676440482159999
1676440482199999
1676440482239999
1676440482279999
1676440482319999
1676440482359999
1676440482399999
1676440482439999
1676440482479999
1676440482519999
1676440482559999
1676440482599999
1676440482639999
1676440482679999
1676440482719999
1676440482759999
1676440482799999
1676440482839999
1676440482879999
1676440482919999
1676440482959999
1676440482999999
1676440483039999
1676440483079999
1676440483119999
1676440483159999
1676440483199999
1676440483239999
1676440483279999
1676440483319999
1676440483359999
1676440483399999
1676440483439999
1676440483479999
1676440483519999
1676440483559999
1676440483599999
1676440483639999
1676440483679999
1676440483719999
1676440483759999
1676440483799999
1676440483839999
1676440483879999
1676440483919999
1676440483959999
1676440483999999
1676440484039999
1676440484079999
1676440484119999
1676440484159999
1676440484199999
1676440484239999
1676440484279999
1676440484319999
1676440484359999
1676440484399999
1676440484439999
1676440484479999
1676440484519999
1676440484559999
1676440484599999
1676440484639999
1676440484679999
1676440484719999
1676440484759999
1676440484799999
1676440484839999
1676440484879999
1676440484919999
1676440484959999
1676440484999999
1676440485039999
1676440485079999
1676440485119999
1676440485159999
1676440485199999
1676440485239999
1676440485279999
1676440485319999
1676440485359999
1676440485399999
1676440485439999
1676440485479999
1676440485519999
1676440485559999
1676440485599999
1676440485639999
1676440485679999
1676440485719999
1676440485759999
1676440485799999
1676440485839999
1676440485879999
1676440485919999
1676440485959999
1676440485999999
1676440486039999
1676440486079999
1676440486119999
1676440486159999
1676440486199999
1676440486239999
1676440486279999
1676440486319999
1676440486359999
1676440486399999
1676440486439999
1676440486479999
1676440486519999
1676440486559999
1676440486599999
1676440486639999
1676440486679999
1676440486719999
1676440486759999
1676440486799999
1676440486839999
1676440486879999
1676440486919999
1676440486959999
1676440486999999
1676440487039999
1676440487079999
1676440487119999
1676440487159999
1676440487199999
1676440487239999
1676440487279999
1676440487319999
1676440487359999
1676440487399999
1676440487439999
1676440487479999
1676440487519999
1676440487559999
1676440487599999
1676440487639999
1676440487679999
1676440487719999
1676440487759999
1676440487799999
1676440487839999
1676440487879999
1676440487919999
1676440487959999
1676440487999999
1676440488039999
1676440488079999
1676440488119999
1676440488159999
1676440488199999
1676440488239999
1676440488279999
1676440488319999
1676440488359999
1676440488399999
1676440488439999
1676440488479999
1676440488519999
1676440488559999
1676440488599999
1676440488639999
1676440488679999
1676440488719999
1676440488759999
1676440488799999
1676440488839999
1676440488879999
1676440488919999
1676440488959999
1676440488999999
1676440489039999
1676440489079999
1676440489119999
1676440489159999
1676440489199999
1676440489239999
1676440489279999
1676440489319999
1676440489359999
1676440489399999
1676440489439999
1676440489479999
1676440489519999
1676440489559999
1676440489599999
1676440489639999
1676440489679999
1676440489719999
1676440489759999
1676440489799999
1676440489839999
1676440489879999
1676440489919999
1676440489959999
1676440489999999
1676440490039999
1676440490079999
1676440490119999
1676440490159999
1676440490199999
1676440490239999
1676440490279999
1676440490319999
1676440490359999
1676440490399999
1676440490439999
1676440490479999
1676440490519999
1676440490559999
1676440490599999
1676440490639999
1676440490679999
1676440490719999
1676440490759999
1676440490799999
1676440490839999
1676440490879999
1676440490919999
1676440490959999
1676440490999999
1676440491039999
1676440491079999
1676440491119999
1676440491159999
1676440491199999
1676440491239999
1676440491279999
1676440491319999
1676440491359999
1676440491399999
1676440491439999
1676440491479999
1676440491519999
1676440491559999
1676440491599999
1676440491639999
1676440491679999
1676440491719999
1676440491759999
1676440491799999
1676440491839999
1676440491879999
1676440491919999
1676440491959999
1676440491999999
1676440492039999
1676440492079999
1676440492119999
1676440492159999
1676440492199999
1676440492239999
1676440492279999
1676440492319999
1676440492359999
1676440492399999
1676440492439999
1676440492479999
1676440492519999
1676440492559999
1676440492599999
1676440492639999
1676440492679999
1676440492719999
1676440492759999
1676440492799999
1676440492839999
1676440492879999
1676440492919999
1676440492959999
1676440492999999
1676440493039999
1676440493079999
1676440493119999
1676440493159999
1676440493199999
1676440493239999
1676440493279999
1676440493319999
1676440493359999
1676440493399999
1676440493439999
1676440493479999
1676440493519999
1676440493559999
1676440493599999
1676440493639999
1676440493679999
1676440493719999
1676440493759999
1676440493799999
1676440493839999
1676440493879999
1676440493919999
1676440493959999
1676440493999999
1676440494039999
1676440494079999
1676440494119999
1676440494159999
1676440494199999
1676440494239999
1676440494279999
1676440494319999
1676440494359999
1676440494399999
1676440494439999
1676440494479999
1676440494519999
1676440494559999
1676440494599999
1676440494639999
1676440494679999
1676440494719999
1676440494759999
1676440494799999
1676440494839999
1676440494879999
1676440494919999
1676440494959999
1676440494999999
1676440495039999
1676440495079999
1676440495119999
1676440495159999
1676440495199999
1676440495239999
1676440495279999
1676440495319999
1676440495359999
1676440495399999
1676440495439999
1676440495479999
1676440495519999
1676440495559999
1676440495599999
1676440495639999
1676440495679999
1676440495719999
1676440495759999
1676440495799999
1676440495839999
1676440495879999
1676440495919999
1676440495959999
1676440495999999
1676440496039999
1676440496079999
1676440496119999
1676440496159999
1676440496199999
1676440496239999
1676440496279999
1676440496319999
1676440496359999
1676440496399999
1676440496439999
1676440496479999
1676440496519999
1676440496559999
1676440496599999
1676440496639999
1676440496679999
1676440496719999
1676440496759999
1676440496799999
1676440496839999
1676440496879999
1676440496919999
1676440496959999
1676440496999999
1676440497039999
1676440497079999
1676440497119999
1676440497159999
1676440497199999
1676440497239999
1676440497279999
1676440497319999
1676440497359999
1676440497399999
1676440497439999
1676440497479999
1676440497519999
1676440497559999
1676440497599999
1676440497639999
1676440497679999
1676440497719999
1676440497759999
1676440497799999
1676440497839999
1676440497879999
1676440497919999
1676440497959999
1676440497999999
1676440498039999
1676440498079999
1676440498119999
1676440498159999
1676440498199999
1676440498239999
1676440498279999
1676440498319999
1676440498359999
1676440498399999
1676440498439999
1676440498479999
1676440498519999
1676440498559999
1676440498599999
1676440498639999
1676440498679999
1676440498719999
1676440498759999
1676440498799999
1676440498839999
1676440498879999
1676440498919999
1676440498959999
1676440498999999
1676440499039999
1676440499079999
1676440499119999
1676440499159999
1676440499199999
1676440499239999
1676440499279999
1676440499319999
1676440499359999
1676440499399999
1676440499439999
1676440499479999
1676440499519999
1676440499559999
1676440499599999
1676440499639999
1676440499679999
1676440499719999
1676440499759999
1676440499799999
1676440499839999
1676440499879999
1676440499919999
1676440499959999
1676440499999999
1676440500039999
1676440500079999
1676440500119999
1676440500159999
1676440500199999
1676440500239999
1676440500279999
1676440500319999
1676440500359999
1676440500399999
1676440500439999
1676440500479999
1676440500519999
1676440500559999
1676440500599999
1676440500639999
1676440500679999
1676440500719999
1676440500759999
1676440500799999
1676440500839999
1676440500879999
1676440500919999
1676440500959999
1676440500999999
1676440501039999
1676440501079999
1676440501119999
1676440501159999
1676440501199999
1676440501239999
1676440501279999
1676440501319999
1676440501359999
1676440501399999
1676440501439999
1676440501479999
1676440501519999
1676440501559999
1676440501599999
1676440501639999
1676440501679999
1676440501719999
1676440501759999
1676440501799999
1676440501839999
1676440501879999
1676440501919999
1676440501959999
1676440501999999
1676440502039999
1676440502079999
1676440502119999
1676440502159999
1676440502199999
1676440502239999
1676440502279999
1676440502319999
1676440502359999
1676440502399999
1676440502439999
1676440502479999
1676440502519999
1676440502559999
1676440502599999
1676440502639999
1676440502679999
1676440502719999
1676440502759999
1676440502799999
1676440502839999
1676440502879999
1676440502919999
1676440502959999
1676440502999999
1676440503039999
1676440503079999
1676440503119999
1676440503159999
1676440503199999
1676440503239999
1676440503279999
1676440503319999
1676440503359999
1676440503399999
1676440503439999
1676440503479999
1676440503519999
1676440503559999
1676440503599999
1676440503639999
1676440503679999
1676440503719999
1676440503759999
1676440503799998
1676440503839999
1676440503879999
1676440503919999
1676440503959999
1676440503999999
1676440504039999
1676440504079999
1676440504119999
1676440504159999
1676440504199999
1676440504239999
1676440504279999
1676440504319999
1676440504359999
1676440504399999
1676440504439999
1676440504479999
1676440504519999
1676440504559999
1676440504599999
1676440504639999
1676440504679999
1676440504719999
1676440504759999
1676440504799999
1676440504839999
1676440504879999
1676440504919999
1676440504959999
1676440504999999
1676440505039999
1676440505079999
1676440505119999
1676440505159999
1676440505199999
1676440505239999
1676440505279999
1676440505319999
1676440505359999
1676440505399999
1676440505439999
1676440505479999
1676440505519999
1676440505559999
1676440505599999
1676440505639999
1676440505679999
1676440505719999
1676440505759999
1676440505799999
1676440505839999
1676440505879999
1676440505919999
1676440505959999
1676440505999999
1676440506039999
1676440506079999
1676440506119999
1676440506159999
1676440506199999
1676440506239999
1676440506279999
1676440506319999
1676440506359999
1676440506399999
1676440506439999
1676440506479999
1676440506519999
1676440506559999
1676440506599999
1676440506639999
1676440506679999
1676440506719999
1676440506759999
1676440506799999
1676440506839999
1676440506879999
1676440506919999
1676440506959999
1676440506999999
1676440507039999
1676440507079999
1676440507119999
1676440507159999
1676440507199999
1676440507239999
1676440507279999
1676440507319999
1676440507359999
1676440507399999
1676440507439999
1676440507479999
1676440507519999
1676440507559999
1676440507599999
1676440507639999
1676440507679999
1676440507719999
1676440507759999
1676440507799999
1676440507839999
1676440507879999
1676440507919999
1676440507959999
1676440507999999
1676440508039999
1676440508079999
1676440508119999
1676440508159999
1676440508199999
1676440508239999
1676440508279999
1676440508319999
1676440508359999
1676440508399999
1676440508439999
1676440508479999
1676440508519999
1676440508559999
1676440508599999
1676440508639999
1676440508679999
1676440508719999
1676440508759999
1676440508799999
1676440508839999
1676440508879999
1676440508919999
1676440508959999
1676440508999999
1676440509039999
1676440509079999
1676440509119999
1676440509159999
1676440509199999
1676440509239999
1676440509279999
1676440509319999
1676440509359999
1676440509399999
1676440509439999
1676440509479999
1676440509519999
1676440509559999
1676440509599999
1676440509639999
1676440509679999
1676440509719999
1676440509759999
1676440509799999
1676440509839999
1676440509879999
1676440509919999
1676440509959999
1676440509999999
1676440510039999
1676440510079999
1676440510119999
1676440510159999
1676440510199999
1676440510239999
1676440510279999
1676440510319999
1676440510359999
1676440510399999
1676440510439999
1676440510479999
1676440510519999
1676440510559999
1676440510599999
1676440510639999
1676440510679999
1676440510719999
1676440510759999
1676440510799999
1676440510839999
1676440510879999
1676440510919999
1676440510959999
1676440510999999
1676440511039999
1676440511079999
1676440511119999
1676440511159999
1676440511199999
1676440511239999
1676440511279999
1676440511319999
1676440511359999
1676440511399999
1676440511439999
1676440511479999
1676440511519999
1676440511559999
1676440511599999
1676440511639999
1676440511679999
1676440511719999
1676440511759999
1676440511799999
1676440511839999
1676440511879999
1676440511919999
1676440511959999
1676440511999999
1676440512039999
1676440512079999
1676440512119999
1676440512159999
1676440512199999
1676440512239999
1676440512279999
1676440512319999
1676440512359999
1676440512399999
1676440512439999
1676440512479999
1676440512519999
1676440512559999
1676440512599999
1676440512639999
1676440512679999
1676440512719999
1676440512759999
1676440512799999
1676440512839999
1676440512879999
1676440512919999
1676440512959999
1676440512999999
1676440513039999
1676440513079999
1676440513119999
1676440513159999
1676440513199999
1676440513239999
1676440513279999
1676440513319999
1676440513359999
1676440513399999
1676440513439999
1676440513479999
1676440513519999
1676440513559999
1676440513599999
1676440513639999
1676440513679999
1676440513719999
1676440513759999
1676440513799999
1676440513839999
1676440513879999
1676440513919999
1676440513959999
1676440513999999
1676440514039999
1676440514079999
1676440514119999
1676440514159999
1676440514199999
1676440514239999
1676440514279999
1676440514319999
1676440514359999
1676440514399999
1676440514439999
1676440514479999
1676440514519999
1676440514559999
1676440514599999
1676440514639999
1676440514679999
1676440514719999
1676440514759999
1676440514799999
1676440514839999
1676440514879999
1676440514919999
1676440514959999
1676440514999999
1676440515039999
1676440515079999
1676440515119999
1676440515159999
1676440515199999
1676440515239999
1676440515279999
1676440515319999
1676440515359999
1676440515399999
1676440515439999
1676440515479999
1676440515519999
1676440515559999
1676440515599999
1676440515639999
1676440515679999
1676440515719999
1676440515759999
1676440515799999
1676440515839999
1676440515879999
1676440515919999
1676440515959999
1676440515999999
1676440516039999
1676440516079999
1676440516119999
1676440516159999
1676440516199999
1676440516239999
1676440516279999
1676440516319999
1676440516359999
1676440516399999
1676440516439999
1676440516479999
1676440516519999
1676440516559999
1676440516599999
1676440516639999
1676440516679999
1676440516719999
1676440516759999
1676440516799999
1676440516839999
1676440516879999
1676440516919999
1676440516959999
1676440516999999
1676440517039999
1676440517079999
1676440517119999
1676440517159999
1676440517199999
1676440517239999
1676440517279999
1676440517319999
1676440517359999
1676440517399999
1676440517439999
1676440517479999
1676440517519999
1676440517559999
1676440517599999
1676440517639999
1676440517679999
1676440517719999
1676440517759999
1676440517799999
1676440517839999
1676440517879999
1676440517919999
1676440517959999
1676440517999999
1676440518039999
1676440518079999
1676440518119999
1676440518159999
1676440518199999
1676440518239999
1676440518279999
1676440518319999
1676440518359999
1676440518399999
1676440518439999
1676440518479999
1676440518519999
1676440518559999
1676440518599999
1676440518639999
1676440518679999
1676440518719999
1676440518759999
1676440518799999
1676440518839999
1676440518879999
1676440518919999
1676440518959999
1676440518999999
1676440519039999
1676440519079999
1676440519119999
1676440519159999
1676440519199999
1676440519239999
1676440519279999
1676440519319999
1676440519359999
1676440519399999
1676440519439999
1676440519479999
1676440519519999
1676440519559999
1676440519599999
1676440519639999
1676440519679999
1676440519719999
1676440519759999
1676440519799999
1676440519839999
1676440519879999
1676440519919999
1676440519959999
1676440519999999
1676440520039999
1676440520079999
1676440520119999
1676440520159999
1676440520199999
1676440520239999
1676440520279999
1676440520319999
1676440520359999
1676440520399999
1676440520439999
1676440520479999
1676440520519999
1676440520559999
1676440520599999
1676440520639999
1676440520679999
1676440520719999
1676440520759999
1676440520799999
1676440520839999
1676440520879999
1676440520919999
1676440520959999
1676440520999999
1676440521039999
1676440521079999
1676440521119999
1676440521159999
1676440521199999
1676440521239999
1676440521279999
1676440521319999
1676440521359999
1676440521399999
1676440521439999
1676440521479999
1676440521519999
1676440521559999
1676440521599999
1676440521639999
1676440521679999
1676440521719999
1676440521759999
1676440521799999
1676440521839999
1676440521879999
1676440521919999
1676440521959999
1676440521999999
1676440522039999
1676440522079999
1676440522119999
1676440522159999
1676440522199999
1676440522239999
1676440522279999
1676440522319999
1676440522359999
1676440522399999
1676440522439999
1676440522479999
1676440522519999
1676440522559999
1676440522599999
1676440522639999
1676440522679999
1676440522719999
1676440522759999
1676440522799999
1676440522839999
1676440522879999
1676440522919999
1676440522959999
1676440522999999
1676440523039999
1676440523079999
1676440523119999
1676440523159999
1676440523199999
1676440523239999
1676440523279999
1676440523319999
1676440523359999
1676440523399999
1676440523439999
1676440523479999
1676440523519999
1676440523559999
1676440523599999
1676440523639999
1676440523679999
1676440523719999
1676440523759999
1676440523799999
1676440523839999
1676440523879999
1676440523919999
1676440523959999
1676440523999999
1676440524039999
1676440524079999
1676440524119999
1676440524159999
1676440524199999
1676440524239999
1676440524279999
1676440524319999
1676440524359999
1676440524399999
1676440524439999
1676440524479999
1676440524519999
1676440524559999
1676440524599999
1676440524639999
1676440524679999
1676440524719999
1676440524759999
1676440524799999
1676440524839999
1676440524879999
1676440524919999
1676440524959999
1676440524999999
1676440525039999
1676440525079999
1676440525119999
1676440525159999
1676440525199999
1676440525239999
1676440525279999
1676440525319999
1676440525359999
1676440525399999
1676440525439999
1676440525479999
1676440525519999
1676440525559999
1676440525599999
1676440525639999
1676440525679999
1676440525719999
1676440525759999
1676440525799999
1676440525839999
1676440525879999
1676440525919999
1676440525959999
1676440525999999
1676440526039999
1676440526079999
1676440526119999
1676440526159999
1676440526199999
1676440526239999
1676440526279999
1676440526319999
1676440526359999
1676440526399999
1676440526439999
1676440526479999
1676440526519999
1676440526559999
1676440526599999
1676440526639999
1676440526679999
1676440526719999
1676440526759999
1676440526799999
1676440526839999
1676440526879999
1676440526919999
1676440526959999
1676440526999999
1676440527039999
1676440527079999
1676440527119999
1676440527159999
1676440527199999
1676440527239999
1676440527279999
1676440527319999
1676440527359999
1676440527399999
1676440527439999
1676440527479999
1676440527519999
1676440527559999
1676440527599999
1676440527639999
1676440527679999
1676440527719999
1676440527759999
1676440527799999
1676440527839999
1676440527879999
1676440527919999
1676440527959999
1676440527999999
1676440528039999
1676440528079999
1676440528119999
1676440528159999
1676440528199999
1676440528239999
1676440528279999
1676440528319999
1676440528359999
1676440528399999
1676440528439999
1676440528479999
1676440528519999
1676440528559999
1676440528599999
1676440528639999
1676440528679999
1676440528719999
1676440528759999
1676440528799999
1676440528839999
1676440528879999
1676440528919999
1676440528959999
1676440528999999
1676440529039999
1676440529079999
1676440529119999
1676440529159999
1676440529199999
1676440529239999
1676440529279999
1676440529319999
1676440529359999
1676440529399999
1676440529439999
1676440529479999
1676440529519999
1676440529559999
1676440529599999
1676440529639999
1676440529679999
1676440529719999
1676440529759999
1676440529799999
1676440529839999
1676440529879999
1676440529919999
1676440529959999
1676440529999999
1676440530039999
1676440530079999
1676440530119999
1676440530159999
1676440530199999
1676440530239999
1676440530279999
1676440530319999
1676440530359999
1676440530399999
1676440530439999
1676440530479999
1676440530519999
1676440530559999
1676440530599999
1676440530639999
1676440530679999
1676440530719999
1676440530759999
1676440530799999
1676440530839999
1676440530879999
1676440530919999
1676440530959999
1676440530999999
1676440531039999
1676440531079999
1676440531119999
1676440531159999
1676440531199999
1676440531239999
1676440531279999
1676440531319999
1676440531359999
1676440531399999
1676440531439999
1676440531479999
1676440531519999
1676440531559999
1676440531599999
1676440531639999
1676440531679999
1676440531719999
1676440531759999
1676440531799999
1676440531839999
1676440531879999
1676440531919999
1676440531959999
1676440531999999
1676440532039999
1676440532079999
1676440532119999
1676440532159999
1676440532199999
1676440532239999
1676440532279999
1676440532319999
1676440532359999
1676440532399999
1676440532439999
1676440532479999
1676440532519999
1676440532559999
1676440532599999
1676440532639999
1676440532679999
1676440532719999
1676440532759999
1676440532799999
1676440532839999
1676440532879999
1676440532919999
1676440532959999
1676440532999999
1676440533039999
1676440533079999
1676440533119999
1676440533159999
1676440533199999
1676440533239999
1676440533279999
1676440533319999
1676440533359999
1676440533399999
1676440533439999
1676440533479999
1676440533519999
1676440533559999
1676440533599999
1676440533639999
1676440533679999
1676440533719999
1676440533759999
1676440533799999
1676440533839999
1676440533879999
1676440533919999
1676440533959999
1676440533999999
1676440534039999
1676440534079999
1676440534119999
1676440534159999
1676440534199999
1676440534239999
1676440534279999
1676440534319999
1676440534359999
1676440534399999
1676440534439999
1676440534479999
1676440534519999
1676440534559999
1676440534599999
1676440534639999
1676440534679999
1676440534719999
1676440534759999
1676440534799999
1676440534839999
1676440534879999
1676440534919999
1676440534959999
1676440534999999
1676440535039999
1676440535079999
1676440535119999
1676440535159999
1676440535199999
1676440535239999
1676440535279999
1676440535319999
1676440535359999
1676440535399999
1676440535439999
1676440535479999
1676440535519999
1676440535559999
1676440535599999
1676440535639999
1676440535679999
1676440535719999
1676440535759999
1676440535799999
1676440535839999
1676440535879999
1676440535919999
1676440535959999
1676440535999999
1676440536039999
1676440536079999
1676440536119999
1676440536159999
1676440536199999
1676440536239999
1676440536279999
1676440536319999
1676440536359999
1676440536399999
1676440536439999
1676440536479999
1676440536519999
1676440536559999
1676440536599999
1676440536639999
1676440536679999
1676440536719999
1676440536759999
1676440536799999
1676440536839999
1676440536879999
1676440536919999
1676440536959999
1676440536999999
1676440537039999
1676440537079999
1676440537119999
1676440537159999
1676440537199999
1676440537239999
1676440537279999
1676440537319999
1676440537359999
1676440537399999
1676440537439999
1676440537479999
1676440537519999
1676440537559999
1676440537599999
1676440537639999
1676440537679999
1676440537719999
1676440537759999
1676440537799999
1676440537839999
1676440537879999
1676440537919999
1676440537959999
1676440537999999
1676440538039999
1676440538079999
1676440538119999
1676440538159999
1676440538199999
1676440538239999
1676440538279999
1676440538319999
1676440538359999
1676440538399999
1676440538439999
1676440538479999
1676440538519999
1676440538559999
1676440538599999
1676440538639999
1676440538679999
1676440538719999
1676440538759999
1676440538799999
1676440538839999
1676440538879999
1676440538919999
1676440538959999
1676440538999999
1676440539039999
1676440539079999
1676440539119999
1676440539159999
1676440539199999
1676440539239999
1676440539279999
1676440539319999
1676440539359999
1676440539399999
1676440539439999
1676440539479999
1676440539519999
1676440539559999
1676440539599999
1676440539639999
1676440539679999
1676440539719999
1676440539759999
1676440539799999
1676440539839999
1676440539879999
1676440539919999
1676440539959999
1676440539999999
1676440540039999
1676440540079999
1676440540119999
1676440540159999
1676440540199999
1676440540239999
1676440540279999
1676440540319999
1676440540359999
1676440540399999
1676440540439999
1676440540479999
1676440540519999
1676440540559999
1676440540599999
1676440540639999
1676440540679999
1676440540719999
1676440540759999
1676440540799999
1676440540839999
1676440540879999
1676440540919999
1676440540959999
1676440540999999
1676440541039999
1676440541079999
1676440541119999
1676440541159999
1676440541199999
1676440541239999
1676440541279999
1676440541319999
1676440541359999
1676440541399999
1676440541439999
1676440541479999
1676440541519999
1676440541559999
1676440541599999
1676440541639999
1676440541679999
1676440541719999
1676440541759999
1676440541799999
1676440541839999
1676440541879999
1676440541919999
1676440541959999
1676440541999999
1676440542039999
1676440542079999
1676440542119999
1676440542159999
1676440542199999
1676440542239999
1676440542279999
1676440542319999
1676440542359999
1676440542399999
1676440542439999
1676440542479999
1676440542519999
1676440542559999
1676440542599999
1676440542639999
1676440542679999
1676440542719999
1676440542759999
1676440542799999
1676440542839999
1676440542879999
1676440542919999
1676440542959999
1676440542999999
1676440543039999
1676440543079999
1676440543119999
1676440543159999
1676440543199999
1676440543239999
1676440543279999
1676440543319999
1676440543359999
1676440543399999
1676440543439999
1676440543479999
1676440543519999
1676440543559999
1676440543599999
1676440543639999
1676440543679999
1676440543719999
1676440543759999
1676440543799999
1676440543839999
1676440543879999
1676440543919999
1676440543959999
1676440543999999
1676440544039999
1676440544079999
1676440544119999
1676440544159999
1676440544199999
1676440544239999
1676440544279999
1676440544319999
1676440544359999
1676440544399999
1676440544439999
1676440544479999
1676440544519999
1676440544559999
1676440544599999
1676440544639999
1676440544679999
1676440544719999
1676440544759999
1676440544799999
1676440544839999
1676440544879999
1676440544919999
1676440544959999
1676440544999999
1676440545039999
1676440545079999
1676440545119999
1676440545159999
1676440545199999
1676440545239999
1676440545279999
1676440545319999
1676440545359999
1676440545399999
1676440545439999
1676440545479999
1676440545519999
1676440545559999
1676440545599999
1676440545639999
1676440545679999
1676440545719999
1676440545759999
1676440545799999
1676440545839999
1676440545879999
1676440545919999
1676440545959999
1676440545999999
1676440546039999
1676440546079999
1676440546119999
1676440546159999
1676440546199999
1676440546239999
1676440546279999
1676440546319999
1676440546359999
1676440546399999
1676440546439999
1676440546479999
1676440546519999
1676440546559999
1676440546599999
1676440546639999
1676440546679999
1676440546719999
1676440546759999
1676440546799999
1676440546839999
1676440546879999
1676440546919999
1676440546959999
1676440546999999
1676440547039999
1676440547079999
1676440547119999
1676440547159999
1676440547199999
1676440547239999
1676440547279999
1676440547319999
1676440547359999
1676440547399999
1676440547439999
1676440547479999
1676440547519999
1676440547559999
1676440547599999
1676440547639999
1676440547679999
1676440547719999
1676440547759999
1676440547799999
1676440547839999
1676440547879999
1676440547919999
1676440547959999
1676440547999999
1676440548039999
1676440548079999
1676440548119999
1676440548159999
1676440548199999
1676440548239999
1676440548279999
1676440548319999
1676440548359999
1676440548399999
1676440548439999
1676440548479999
1676440548519999
1676440548559999
1676440548599999
1676440548639999
1676440548679999
1676440548719999
1676440548759999
1676440548799999
1676440548839999
1676440548879999
1676440548919999
1676440548959999
1676440548999999
1676440549039999
1676440549079999
1676440549119999
1676440549159999
1676440549199999
1676440549239999
1676440549279999
1676440549319999
1676440549359999
1676440549399999
1676440549439999
1676440549479999
1676440549519999
1676440549559999
1676440549599999
1676440549639999
1676440549679999
1676440549719999
1676440549759999
1676440549799999
1676440549839999
1676440549879999
1676440549919999
1676440549959999
1676440549999999
1676440550039999
1676440550079999
1676440550119999
1676440550159999
1676440550199999
1676440550239999
1676440550279999
1676440550319999
1676440550359999
1676440550399999
1676440550439999
1676440550479999
1676440550519999
1676440550559999
1676440550599999
1676440550639999
1676440550679999
1676440550719999
1676440550759999
1676440550799999
1676440550839999
1676440550879999
1676440550919999
1676440550959999
1676440550999999
1676440551039999
1676440551079999
1676440551119999
1676440551159999
1676440551199999
1676440551239999
1676440551279999
1676440551319999
1676440551359999
1676440551399999
1676440551439999
1676440551479999
1676440551519999
1676440551559999
1676440551599999
1676440551639999
1676440551679999
1676440551719999
1676440551759999
1676440551799999
1676440551839999
1676440551879999
1676440551919999
1676440551959999
1676440551999999
1676440552039999
1676440552079999
1676440552119999
1676440552159999
1676440552199999
1676440552239999
1676440552279999
1676440552319999
1676440552359999
1676440552399999
1676440552439999
1676440552479999
1676440552519999
1676440552559999
1676440552599999
1676440552639999
1676440552679999
1676440552719999
1676440552759999
1676440552799999
1676440552839999
1676440552879999
1676440552919999
1676440552959999
1676440552999999
1676440553039999
1676440553079999
1676440553119999
1676440553159999
1676440553199999
1676440553239999
1676440553279999
1676440553319999
1676440553359999
1676440553399999
1676440553439999
1676440553479999
1676440553519999
1676440553559999
1676440553599999
1676440553639999
1676440553679999
1676440553719999
1676440553759999
1676440553799999
1676440553839999
1676440553879999
1676440553919999
1676440553959999
1676440553999999
1676440554039999
1676440554079999
1676440554119999
1676440554159999
1676440554199999
1676440554239999
1676440554279999
1676440554319999
1676440554359999
1676440554399999
1676440554439999
1676440554479999
1676440554519999
1676440554559999
1676440554599999
1676440554639999
1676440554679999
1676440554719999
1676440554759999
1676440554799999
1676440554839999
1676440554879999
1676440554919999
1676440554959999
1676440554999999
1676440555039999
1676440555079999
1676440555119999
1676440555159999
1676440555199999
1676440555239999
1676440555279999
1676440555319999
1676440555359999
1676440555399999
1676440555439999
1676440555479999
1676440555519999
1676440555559999
1676440555599999
1676440555639999
1676440555679999
1676440555719999
1676440555759999
1676440555799999
1676440555839999
1676440555879999
1676440555919999
1676440555959999
1676440555999999
1676440556039999
1676440556079999
1676440556119999
1676440556159999
1676440556199999
1676440556239999
1676440556279999
1676440556319999
1676440556359999
1676440556399999
1676440556439999
1676440556479999
1676440556519999
1676440556559999
1676440556599999
1676440556639999
1676440556679999
1676440556719999
1676440556759999
1676440556799999
1676440556839999
1676440556879999
1676440556919999
1676440556959999
1676440556999999
1676440557039999
1676440557079999
1676440557119999
1676440557159999
1676440557199999
1676440557239999
1676440557279999
1676440557319999
1676440557359999
1676440557399999
1676440557439999
1676440557479999
1676440557519999
1676440557559999
1676440557599999
1676440557639999
1676440557679999
1676440557719999
1676440557759999
1676440557799999
1676440557839999
1676440557879999
1676440557919999
1676440557959999
1676440557999999
1676440558039999
1676440558079999
1676440558119999
1676440558159999
1676440558199999
1676440558239999
1676440558279999
1676440558319999
1676440558359999
1676440558399999
1676440558439999
1676440558479999
1676440558519999
1676440558559999
1676440558599999
1676440558639999
1676440558679999
1676440558719999
1676440558759999
1676440558799999
1676440558839999
1676440558879999
1676440558919999
1676440558959999
1676440558999999
1676440559039999
1676440559079999
1676440559119999
1676440559159999
1676440559199999
1676440559239999
1676440559279999
1676440559319999
1676440559359999
1676440559399999
1676440559439999
1676440559479999
1676440559519999
1676440559559999
1676440559599999
1676440559639999
1676440559679999
1676440559719999
1676440559759999
1676440559799999
1676440559839999
1676440559879999
1676440559919999
1676440559959999
1676440559999999
1676440560039999
1676440560079999
1676440560119999
1676440560159999
1676440560199999
1676440560239999
1676440560279999
1676440560319999
1676440560359999
1676440560399999
1676440560439999
1676440560479999
1676440560519999
1676440560559999
1676440560599999
1676440560639999
1676440560679999
1676440560719999
1676440560759999
1676440560799999
1676440560839999
1676440560879999
1676440560919999
1676440560959999
1676440560999999
1676440561039999
1676440561079999
1676440561119999
1676440561159999
1676440561199999
1676440561239999
1676440561279999
1676440561319999
1676440561359999
1676440561399999
1676440561439999
1676440561479999
1676440561519999
1676440561559999
1676440561599999
1676440561639999
1676440561679999
1676440561719999
1676440561759999
1676440561799999
1676440561839999
1676440561879999
1676440561919999
1676440561959999
1676440561999999
1676440562039999
1676440562079999
1676440562119999
1676440562159999
1676440562199999
1676440562239999
1676440562279999
1676440562319999
1676440562359999
1676440562399999
1676440562439999
1676440562479999
1676440562519999
1676440562559999
1676440562599999
1676440562639999
1676440562679999
1676440562719999
1676440562759999
1676440562799999
1676440562839999
1676440562879999
1676440562919999
1676440562959999
1676440562999999
1676440563039999
1676440563079999
1676440563119999
1676440563159999
1676440563199999
1676440563239999
1676440563279999
1676440563319999
1676440563359999
1676440563399999
1676440563439999
1676440563479999
1676440563519999
1676440563559999
1676440563599999
1676440563639999
1676440563679999
1676440563719999
1676440563759999
1676440563799999
1676440563839999
1676440563879999
1676440563919999
1676440563959999
1676440563999999
1676440564039999
1676440564079999
1676440564119999
1676440564159999
1676440564199999
1676440564239999
1676440564279999
1676440564319999
1676440564359999
1676440564399999
1676440564439999
1676440564479999
1676440564519999
1676440564559999
1676440564599999
1676440564639999
1676440564679999
1676440564719999
1676440564759999
1676440564799999
1676440564839999
1676440564879999
1676440564919999
1676440564959999
1676440564999999
1676440565039999
1676440565079999
1676440565119999
1676440565159999
1676440565199999
1676440565239999
1676440565279999
1676440565319999
1676440565359999
1676440565399999
1676440565439999
1676440565479999
1676440565519999
1676440565559999
1676440565599999
1676440565639999
1676440565679999
1676440565719999
1676440565759999
1676440565799999
1676440565839999
1676440565879999
1676440565919999
1676440565959999
1676440565999999
1676440566039999
1676440566079999
1676440566119999
1676440566159999
1676440566199999
1676440566239999
1676440566279999
1676440566319999
1676440566359999
1676440566399999
1676440566439999
1676440566479999
1676440566519999
1676440566559999
1676440566599999
1676440566639999
1676440566679999
1676440566719999
1676440566759999
1676440566799999
1676440566839999
1676440566879999
1676440566919999
1676440566959999
1676440566999999
1676440567039999
1676440567079999
1676440567119999
1676440567159999
1676440567199999
1676440567239999
1676440567279999
1676440567319999
1676440567359999
1676440567399999
1676440567439999
1676440567479999
1676440567519999
1676440567559999
1676440567599999
1676440567639999
1676440567679999
1676440567719999
1676440567759999
1676440567799999
1676440567839999
1676440567879999
1676440567919999
1676440567959999
1676440567999999
1676440568039999
1676440568079999
1676440568119999
1676440568159999
1676440568199999
1676440568239999
1676440568279999
1676440568319999
1676440568359999
1676440568399999
1676440568439999
1676440568479999
1676440568519999
1676440568559999
1676440568599999
1676440568639999
1676440568679999
1676440568719999
1676440568759999
1676440568799999
1676440568839999
1676440568879999
1676440568919999
1676440568959999
1676440568999999
1676440569039999
1676440569079999
1676440569119999
1676440569159999
1676440569199999
1676440569239999
1676440569279999
1676440569319999
1676440569359999
1676440569399999
1676440569439999
1676440569479999
1676440569519999
1676440569559999
1676440569599999
1676440569639999
1676440569679999
1676440569719999
1676440569759999
1676440569799999
1676440569839999
1676440569879999
1676440569919999
1676440569959999
1676440569999999
1676440570039999
1676440570079999
1676440570119999
1676440570159999
1676440570199999
1676440570239999
1676440570279999
1676440570319999
1676440570359999
1676440570399999
1676440570439999
1676440570479999
1676440570519999
1676440570559999
1676440570599999
1676440570639999
1676440570679999
1676440570719999
1676440570759999
1676440570799999
1676440570839999
1676440570879999
1676440570919999
1676440570959999
1676440570999999
1676440571039999
1676440571079999
1676440571119999
1676440571159999
1676440571199999
1676440571239999
1676440571279999
1676440571319999
1676440571359999
1676440571399999
1676440571439999
1676440571479999
1676440571519999
1676440571559999
1676440571599999
1676440571639999
1676440571679999
1676440571719999
1676440571759999
1676440571799999
1676440571839999
1676440571879999
1676440571919999
1676440571959999
1676440571999999
1676440572039999
1676440572079999
1676440572119999
1676440572159999
1676440572199999
1676440572239999
1676440572279999
1676440572319999
1676440572359999
1676440572399999
1676440572439999
1676440572479999
1676440572519999
1676440572559999
1676440572599999
1676440572639999
1676440572679999
1676440572719999
1676440572759999
1676440572799999
1676440572839999
1676440572879999
1676440572919999
1676440572959999
1676440572999999
1676440573039999
1676440573079999
1676440573119999
1676440573159999
1676440573199999
1676440573239999
1676440573279999
1676440573319999
1676440573359999
1676440573399999
1676440573439999
1676440573479999
1676440573519999
1676440573559999
1676440573599999
1676440573639999
1676440573679999
1676440573719999
1676440573759999
1676440573799999
1676440573839999
1676440573879999
1676440573919999
1676440573959999
1676440573999999
1676440574039999
1676440574079999
1676440574119999
1676440574159999
1676440574199999
1676440574239999
1676440574279999
1676440574319999
1676440574359999
1676440574399999
1676440574439999
1676440574479999
1676440574519999
1676440574559999
1676440574599999
1676440574639999
1676440574679999
1676440574719999
1676440574759999
1676440574799999
1676440574839999
1676440574879999
1676440574919999
1676440574959999
1676440574999999
1676440575039999
1676440575079999
1676440575119999
1676440575159999
1676440575199999
1676440575239999
1676440575279999
1676440575319999
1676440575359999
1676440575399999
1676440575439999
1676440575479999
1676440575519999
1676440575559999
1676440575599999
1676440575639999
1676440575679999
1676440575719999
1676440575759999
1676440575799999
1676440575839999
1676440575879999
1676440575919999
1676440575959999
1676440575999999
1676440576039999
1676440576079999
1676440576119999
1676440576159999
1676440576199999
1676440576239999
1676440576279999
1676440576319999
1676440576359999
1676440576399999
1676440576439999
1676440576479999
1676440576519999
1676440576559999
1676440576599999
1676440576639999
1676440576679999
1676440576719999
1676440576759999
1676440576799999
1676440576839999
1676440576879999
1676440576919999
1676440576959999
1676440576999999
1676440577039999
1676440577079999
1676440577119999
1676440577159999
1676440577199999
1676440577239999
1676440577279999
1676440577319999
1676440577359999
1676440577399999
1676440577439999
1676440577479999
1676440577519999
1676440577559999
1676440577599999
1676440577639999
1676440577679999
1676440577719999
1676440577759999
1676440577799999
1676440577839999
1676440577879999
1676440577919999
1676440577959999
1676440577999999
1676440578039999
1676440578079999
1676440578119999
1676440578159999
1676440578199999
1676440578239999
1676440578279999
1676440578319999
1676440578359999
1676440578399999
1676440578439999
1676440578479999
1676440578519999
1676440578559999
1676440578599999
1676440578639999
1676440578679999
1676440578719999
1676440578759999
1676440578799999
1676440578839999
1676440578879999
1676440578919999
1676440578959999
1676440578999999
1676440579039999
1676440579079999
1676440579119999
1676440579159999
1676440579199999
1676440579239999
1676440579279999
1676440579319999
1676440579359999
1676440579399999
1676440579439999
1676440579479999
1676440579519999
1676440579559999
1676440579599999
1676440579639999
1676440579679999
1676440579719999
1676440579759999
1676440579799999
1676440579839999
1676440579879999
1676440579919999
1676440579959999
1676440579999999
1676440580039999
1676440580079999
1676440580119999
1676440580159999
1676440580199999
1676440580239999
1676440580279999
1676440580319999
1676440580359999
1676440580399999
1676440580439999
1676440580479999
1676440580519999
1676440580559999
1676440580599999
1676440580639999
1676440580679999
1676440580719999
1676440580759999
1676440580799999
1676440580839999
1676440580879999
1676440580919999
1676440580959999
1676440580999999
1676440581039999
1676440581079999
1676440581119999
1676440581159999
1676440581199999
1676440581239999
1676440581279999
1676440581319999
1676440581359999
1676440581399999
1676440581439999
1676440581479999
1676440581519999
1676440581559999
1676440581599999
1676440581639999
1676440581679999
1676440581719999
1676440581759999
1676440581799999
1676440581839999
1676440581879999
1676440581919999
1676440581959999
1676440581999999
1676440582039999
1676440582079999
1676440582119999
1676440582159999
1676440582199999
1676440582239999
1676440582279999
1676440582319999
1676440582359999
1676440582399999
1676440582439999
1676440582479999
1676440582519999
1676440582559999
1676440582599999
1676440582639999
1676440582679999
1676440582719999
1676440582759999
1676440582799999
1676440582839999
1676440582879999
1676440582919999
1676440582959999
1676440582999999
1676440583039999
1676440583079999
1676440583119999
1676440583159999
1676440583199999
1676440583239999
1676440583279999
1676440583319999
1676440583359999
1676440583399999
1676440583439999
1676440583479999
1676440583519999
1676440583559999
1676440583599999
1676440583639999
1676440583679999
1676440583719999
1676440583759999
1676440583799999
1676440583839999
1676440583879999
1676440583919999
1676440583959999
1676440583999999
1676440584039999
1676440584079999
1676440584119999
1676440584159999
1676440584199999
1676440584239999
1676440584279999
1676440584319999
1676440584359999
1676440584399999
1676440584439999
1676440584479999
1676440584519999
1676440584559999
1676440584599999
1676440584639999
1676440584679999
1676440584719999
1676440584759999
1676440584799999
1676440584839999
1676440584879999
1676440584919999
1676440584959999
1676440584999999
1676440585039999
1676440585079999
1676440585119999
1676440585159999
1676440585199999
1676440585239999
1676440585279999
1676440585319999
1676440585359999
1676440585399999
1676440585439999
1676440585479999
1676440585519999
1676440585559999
1676440585599999
1676440585639999
1676440585679999
1676440585719999
1676440585759999
1676440585799999
1676440585839999
1676440585879999
1676440585919999
1676440585959999
1676440585999999
1676440586039999
1676440586079999
1676440586119999
1676440586159999
1676440586199999
1676440586239999
1676440586279999
1676440586319999
1676440586359999
1676440586399999
1676440586439999
1676440586479999
1676440586519999
1676440586559999
1676440586599999
1676440586639999
1676440586679999
1676440586719999
1676440586759999
1676440586799999
1676440586839999
1676440586879999
1676440586919999
1676440586959999
1676440586999999
1676440587039999
1676440587079999
1676440587119999
1676440587159999
1676440587199999
1676440587239999
1676440587279999
1676440587319999
1676440587359999
1676440587399999
1676440587439999
1676440587479999
1676440587519999
1676440587559999
1676440587599999
1676440587639999
1676440587679999
1676440587719999
1676440587759999
1676440587799999
1676440587839999
1676440587879999
1676440587919999
1676440587959999
1676440587999999
1676440588039999
1676440588079999
1676440588119999
1676440588159999
1676440588199999
1676440588239999
1676440588279999
1676440588319999
1676440588359999
1676440588399999
1676440588439999
1676440588479999
1676440588519999
1676440588559999
1676440588599999
1676440588639999
1676440588679999
1676440588719999
1676440588759999
1676440588799999
1676440588839999
1676440588879999
1676440588919999
1676440588959999
1676440588999999
1676440589039999
1676440589079999
1676440589119999
1676440589159999
1676440589199999
1676440589239999
1676440589279999
1676440589319999
1676440589359999
1676440589399999
1676440589439999
1676440589479999
1676440589519999
1676440589559999
1676440589599999
1676440589639999
1676440589679999
1676440589719999
1676440589759999
1676440589799999
1676440589839999
1676440589879999
1676440589919999
1676440589959999
1676440589999999
1676440590039999
1676440590079999
1676440590119999
1676440590159999
1676440590199999
1676440590239999
1676440590279999
1676440590319999
1676440590359999
1676440590399999
1676440590439999
1676440590479999
1676440590519999
1676440590559999
1676440590599999
1676440590639999
1676440590679999
1676440590719999
1676440590759999
1676440590799999
1676440590839999
1676440590879999
1676440590919999
1676440590959999
1676440590999999
1676440591039999
1676440591079999
1676440591119999
1676440591159999
1676440591199999
1676440591239999
1676440591279999
1676440591319999
1676440591359999
1676440591399999
1676440591439999
1676440591479999
1676440591519999
1676440591559999
1676440591599999
1676440591639999
1676440591679999
1676440591719999
1676440591759999
1676440591799999
1676440591839999
1676440591879999
1676440591919999
1676440591959999
1676440591999999
1676440592039999
1676440592079999
1676440592119999
1676440592159999
1676440592199999
1676440592239999
1676440592279999
1676440592319999
1676440592359999
1676440592399999
1676440592439999
1676440592479999
1676440592519999
1676440592559999
1676440592599999
1676440592639999
1676440592679999
1676440592719999
1676440592759999
1676440592799999
1676440592839999
1676440592879999
1676440592919999
1676440592959999
1676440592999999
1676440593039999
1676440593079999
1676440593119999
1676440593159999
1676440593199999
1676440593239999
1676440593279999
1676440593319999
1676440593359999
1676440593399999
1676440593439999
1676440593479999
1676440593519999
1676440593559999
1676440593599999
1676440593639999
1676440593679999
1676440593719999
1676440593759999
1676440593799999
1676440593839999
1676440593879999
1676440593919999
1676440593959999
1676440593999999
1676440594039999
1676440594079999
1676440594119999
1676440594159999
1676440594199999
1676440594239999
1676440594279999
1676440594319999
1676440594359999
1676440594399999
1676440594439999
1676440594479999
1676440594519999
1676440594559999
1676440594599999
1676440594639999
1676440594679999
1676440594719999
1676440594759999
1676440594799999
1676440594839999
1676440594879999
1676440594919999
1676440594959999
1676440594999999
1676440595039999
1676440595079999
1676440595119999
1676440595159999
1676440595199999
1676440595239999
1676440595279999
1676440595319999
1676440595359999
1676440595399999
1676440595439999
1676440595479999
1676440595519999
1676440595559999
1676440595599999
1676440595639999
1676440595679999
1676440595719999
1676440595759999
1676440595799999
1676440595839999
1676440595879999
1676440595919999
1676440595959999
1676440595999999
1676440596039999
1676440596079999
1676440596119999
1676440596159999
1676440596199999
1676440596239999
1676440596279999
1676440596319999
1676440596359999
1676440596399999
1676440596439999
1676440596479999
1676440596519999
1676440596559999
1676440596599999
1676440596639999
1676440596679999
1676440596719999
1676440596759999
1676440596799999
1676440596839999
1676440596879999
1676440596919999
1676440596959999
1676440596999999
1676440597039999
1676440597079999
1676440597119999
1676440597159999
1676440597199999
1676440597239999
1676440597279999
1676440597319999
1676440597359999
1676440597399999
1676440597439999
1676440597479999
1676440597519999
1676440597559999
1676440597599999
1676440597639999
1676440597679999
1676440597719999
1676440597759999
1676440597799999
1676440597839999
1676440597879999
1676440597919999
1676440597959999
1676440597999999
1676440598039999
1676440598079999
1676440598119999
1676440598159999
1676440598199999
1676440598239999
1676440598279999
1676440598319999
1676440598359999
1676440598399999
1676440598439999
1676440598479999
1676440598519999
1676440598559999
1676440598599999
1676440598639999
1676440598679999
1676440598719999
1676440598759999
1676440598799999
1676440598839999
1676440598879999
1676440598919999
1676440598959999
1676440598999999
1676440599039999
1676440599079999
1676440599119999
1676440599159999
1676440599199999
1676440599239999
1676440599279999
1676440599319999
1676440599359999
1676440599399999
1676440599439999
1676440599479999
1676440599519999
1676440599559999
1676440599599999
1676440599639999
1676440599679999
1676440599719999
1676440599759999
1676440599799999
1676440599839999
1676440599879999
1676440599919999
1676440599959999
1676440599999999
1676440600039999
1676440600079999
1676440600119999
1676440600159999
1676440600199999
1676440600239999
1676440600279999
1676440600319999
1676440600359999
1676440600399999
1676440600439999
1676440600479999
1676440600519999
1676440600559999
1676440600599999
1676440600639999
1676440600679999
1676440600719999
1676440600759999
1676440600799999
1676440600839999
1676440600879999
1676440600919999
1676440600959999
1676440600999999
1676440601039999
1676440601079999
1676440601119999
1676440601159999
1676440601199999
1676440601239999
1676440601279999
1676440601319999
1676440601359999
1676440601399999
1676440601439999
1676440601479999
1676440601519999
1676440601559999
1676440601599999
1676440601639999
1676440601679999
1676440601719999
1676440601759999
1676440601799999
1676440601839999
1676440601879999
1676440601919999
1676440601959999
1676440601999999
1676440602039999
1676440602079999
1676440602119999
1676440602159999
1676440602199999
1676440602239999
1676440602279999
1676440602319999
1676440602359999
1676440602399999
1676440602439999
1676440602479999
1676440602519999
1676440602559999
1676440602599999
1676440602639999
1676440602679999
1676440602719999
1676440602759999
1676440602799999
1676440602839999
1676440602879999
1676440602919999
1676440602959999
1676440602999999
1676440603039999
1676440603079999
1676440603119999
1676440603159999
1676440603199999
1676440603239999
1676440603279999
1676440603319999
1676440603359999
1676440603399999
1676440603439999
1676440603479999
1676440603519999
1676440603559999
1676440603599999
1676440603639999
1676440603679999
1676440603719999
1676440603759999
1676440603799999
1676440603839999
1676440603879999
1676440603919999
1676440603959999
1676440603999999
1676440604039999
1676440604079999
1676440604119999
1676440604159999
1676440604199999
1676440604239999
1676440604279999
1676440604319999
1676440604359999
1676440604399999
1676440604439999
1676440604479999
1676440604519999
1676440604559999
1676440604599999
1676440604639999
1676440604679999
1676440604719999
1676440604759999
1676440604799999
1676440604839999
1676440604879999
1676440604919999
1676440604959999
1676440604999999
1676440605039999
1676440605079999
1676440605119999
1676440605159999
1676440605199999
1676440605239999
1676440605279999
1676440605319999
1676440605359999
1676440605399999
1676440605439999
1676440605479999
1676440605519999
1676440605559999
1676440605599999
1676440605639999
1676440605679999
1676440605719999
1676440605759999
1676440605799999
1676440605839999
1676440605879999

