1676440483159999
1676440483199999
1676440483239999
1676440483279999
1676440483319999
1676440483359999
1676440483399999
1676440483439999
1676440483479999
1676440483519999
1676440483559999
1676440483599999
1676440483639999
1676440483679999
1676440483719999
1676440483759999
1676440483799999
1676440483839999
1676440483879999
1676440483919999
1676440483959999
1676440483999999
1676440484039999
1676440484079999
1676440484119999
1676440484159999
1676440484199999
1676440484239999
1676440484279999
1676440484319999
1676440484359999
1676440484399999
1676440484439999
1676440484479999
1676440484519999
1676440484559999
1676440484599999
1676440484639999
1676440484679999
1676440484719999
1676440484759999
1676440484799999
1676440484839999
1676440484879999
1676440484919999
1676440484959999
1676440484999999
1676440485039999
1676440485079999
1676440485119999
1676440485159999
1676440485199999
1676440485239999
1676440485279999
1676440485319999
1676440485359999
1676440485399999
1676440485439999
1676440485479999
1676440485519999
1676440485559999
1676440485599999
1676440485639999
1676440485679999
1676440485719999
1676440485759999
1676440485799999
1676440485839999
1676440485879999
1676440485919999
1676440485959999
1676440485999999
1676440486039999
1676440486079999
1676440486119999
1676440486159999
1676440486199999
1676440486239999
1676440486279999
1676440486319999
1676440486359999
1676440486399999
1676440486439999
1676440486479999
1676440486519999
1676440486559999
1676440486599999
1676440486639999
1676440486679999
1676440486719999
1676440486759999
1676440486799999
1676440486839999
1676440486879999
1676440486919999
1676440486959999
1676440486999999
1676440487039999
1676440487079999
1676440487119999
1676440487159999
1676440487199999
1676440487239999
1676440487279999
1676440487319999
1676440487359999
1676440487399999
1676440487439999
1676440487479999
1676440487519999
1676440487559999
1676440487599999
1676440487639999
1676440487679999
1676440487719999
1676440487759999
1676440487799999
1676440487839999
1676440487879999
1676440487919999
1676440487959999
1676440487999999
1676440488039999
1676440488079999
1676440488119999
1676440488159999
1676440488199999
1676440488239999
1676440488279999
1676440488319999
1676440488359999
1676440488399999
1676440488439999
1676440488479999
1676440488519999
1676440488559999
1676440488599999
1676440488639999
1676440488679999
1676440488719999
1676440488759999
1676440488799999
1676440488839999
1676440488879999
1676440488919999
1676440488959999
1676440488999999
1676440489039999
1676440489079999
1676440489119999
1676440489159999
1676440489199999
1676440489239999
1676440489279999
1676440489319999
1676440489359999
1676440489399999
1676440489439999
1676440489479999
1676440489519999
1676440489559999
1676440489599999
1676440489639999
1676440489679999
1676440489719999
1676440489759999
1676440489799999
1676440489839999
1676440489879999
1676440489919999
1676440489959999
1676440489999999
1676440490039999
1676440490079999
1676440490119999
1676440490159999
1676440490199999
1676440490239999
1676440490279999
1676440490319999
1676440490359999
1676440490399999
1676440490439999
1676440490479999
1676440490519999
1676440490559999
1676440490599999
1676440490639999
1676440490679999
1676440490719999
1676440490759999
1676440490799999
1676440490839999
1676440490879999
1676440490919999
1676440490959999
1676440490999999
1676440491039999
1676440491079999
1676440491119999
1676440491159999
1676440491199999
1676440491239999
1676440491279999
1676440491319999
1676440491359999
1676440491399999
1676440491439999
1676440491479999
1676440491519999
1676440491559999
1676440491599999
1676440491639999
1676440491679999
1676440491719999
1676440491759999
1676440491799999
1676440491839999
1676440491879999
1676440491919999
1676440491959999
1676440491999999
1676440492039999
1676440492079999
1676440492119999
1676440492159999
1676440492199999
1676440492239999
1676440492279999
1676440492319999
1676440492359999
1676440492399999
1676440492439999
1676440492479999
1676440492519999
1676440492559999
1676440492599999
1676440492639999
1676440492679999
1676440492719999
1676440492759999
1676440492799999
1676440492839999
1676440492879999
1676440492919999
1676440492959999
1676440492999999
1676440493039999
1676440493079999
1676440493119999
1676440493159999
1676440493199999
1676440493239999
1676440493279999
1676440493319999
1676440493359999
1676440493399999
1676440493439999
1676440493479999
1676440493519999
1676440493559999
1676440493599999
1676440493639999
1676440493679999
1676440493719999
1676440493759999
1676440493799999
1676440493839999
1676440493879999
1676440493919999
1676440493959999
1676440493999999
1676440494039999
1676440494079999
1676440494119999
1676440494159999
1676440494199999
1676440494239999
1676440494279999
1676440494319999
1676440494359999
1676440494399999
1676440494439999
1676440494479999
1676440494519999
1676440494559999
1676440494599999
1676440494639999
1676440494679999
1676440494719999
1676440494759999
1676440494799999
1676440494839999
1676440494879999
1676440494919999
1676440494959999
1676440494999999
1676440495039999
1676440495079999
1676440495119999
1676440495159999
1676440495199999
1676440495239999
1676440495279999
1676440495319999
1676440495359999
1676440495399999
1676440495439999
1676440495479999
1676440495519999
1676440495559999
1676440495599999
1676440495639999
1676440495679999
1676440495719999
1676440495759999
1676440495799999
1676440495839999
1676440495879999
1676440495919999
1676440495959999
1676440495999999
1676440496039999
1676440496079999
1676440496119999
1676440496159999
1676440496199999
1676440496239999
1676440496279999
1676440496319999
1676440496359999
1676440496399999
1676440496439999
1676440496479999
1676440496519999
1676440496559999
1676440496599999
1676440496639999
1676440496679999
1676440496719999
1676440496759999
1676440496799999
1676440496839999
1676440496879999
1676440496919999
1676440496959999
1676440496999999
1676440497039999
1676440497079999
1676440497119999
1676440497159999
1676440497199999
1676440497239999
1676440497279999
1676440497319999
1676440497359999
1676440497399999
1676440497439999
1676440497479999
1676440497519999
1676440497559999
1676440497599999
1676440497639999
1676440497679999
1676440497719999
1676440497759999
1676440497799999
1676440497839999
1676440497879999
1676440497919999
1676440497959999
1676440497999999
1676440498039999
1676440498079999
1676440498119999
1676440498159999
1676440498199999
1676440498239999
1676440498279999
1676440498319999
1676440498359999
1676440498399999
1676440498439999
1676440498479999
1676440498519999
1676440498559999
1676440498599999
1676440498639999
1676440498679999
1676440498719999
1676440498759999
1676440498799999
1676440498839999
1676440498879999
1676440498919999
1676440498959999
1676440498999999
1676440499039999
1676440499079999
1676440499119999
1676440499159999
1676440499199999
1676440499239999
1676440499279999
1676440499319999
1676440499359999
1676440499399999
1676440499439999
1676440499479999
1676440499519999
1676440499559999
1676440499599999
1676440499639999
1676440499679999
1676440499719999
1676440499759999
1676440499799999
1676440499839999
1676440499879999
1676440499919999
1676440499959999
1676440499999999
1676440500039999
1676440500079999
1676440500119999
1676440500159999
1676440500199999
1676440500239999
1676440500279999
1676440500319999
1676440500359999
1676440500399999
1676440500439999
1676440500479999
1676440500519999
1676440500559999
1676440500599999
1676440500639999
1676440500679999
1676440500719999
1676440500759999
1676440500799999
1676440500839999
1676440500879999
1676440500919999
1676440500959999
1676440500999999
1676440501039999
1676440501079999
1676440501119999
1676440501159999
1676440501199999
1676440501239999
1676440501279999
1676440501319999
1676440501359999
1676440501399999
1676440501439999
1676440501479999
1676440501519999
1676440501559999
1676440501599999
1676440501639999
1676440501679999
1676440501719999
1676440501759999
1676440501799999
1676440501839999
1676440501879999
1676440501919999
1676440501959999
1676440501999999
1676440502039999
1676440502079999
1676440502119999
1676440502159999
1676440502199999
1676440502239999
1676440502279999
1676440502319999
1676440502359999
1676440502399999
1676440502439999
1676440502479999
1676440502519999
1676440502559999
1676440502599999
1676440502639999
1676440502679999
1676440502719999
1676440502759999
1676440502799999
1676440502839999
1676440502879999
1676440502919999
1676440502959999
1676440502999999
1676440503039999
1676440503079999
1676440503119999
1676440503159999
1676440503199999
1676440503239999
1676440503279999
1676440503319999
1676440503359999
1676440503399999
1676440503439999
1676440503479999
1676440503519999
1676440503559999
1676440503599999
1676440503639999
1676440503679999
1676440503719999
1676440503759999
1676440503799998
1676440503839999
1676440503879999
1676440503919999
1676440503959999
1676440503999999
1676440504039999
1676440504079999
1676440504119999
1676440504159999
1676440504199999
1676440504239999
1676440504279999
1676440504319999
1676440504359999
1676440504399999
1676440504439999
1676440504479999
1676440504519999
1676440504559999
1676440504599999
1676440504639999
1676440504679999
1676440504719999
1676440504759999
1676440504799999
1676440504839999
1676440504879999
1676440504919999
1676440504959999
1676440504999999
1676440505039999
1676440505079999
1676440505119999
1676440505159999
1676440505199999
1676440505239999
1676440505279999
1676440505319999
1676440505359999
1676440505399999
1676440505439999
1676440505479999
1676440505519999
1676440505559999
1676440505599999
1676440505639999
1676440505679999
1676440505719999
1676440505759999
1676440505799999
1676440505839999
1676440505879999
1676440505919999
1676440505959999
1676440505999999
1676440506039999
1676440506079999
1676440506119999
1676440506159999
1676440506199999
1676440506239999
1676440506279999
1676440506319999
1676440506359999
1676440506399999
1676440506439999
1676440506479999
1676440506519999
1676440506559999
1676440506599999
1676440506639999
1676440506679999
1676440506719999
1676440506759999
1676440506799999
1676440506839999
1676440506879999
1676440506919999
1676440506959999
1676440506999999
1676440507039999
1676440507079999
1676440507119999
1676440507159999
1676440507199999
1676440507239999
1676440507279999
1676440507319999
1676440507359999
1676440507399999
1676440507439999
1676440507479999
1676440507519999
1676440507559999
1676440507599999
1676440507639999
1676440507679999
1676440507719999
1676440507759999
1676440507799999
1676440507839999
1676440507879999
1676440507919999
1676440507959999
1676440507999999
1676440508039999
1676440508079999
1676440508119999
1676440508159999
1676440508199999
1676440508239999
1676440508279999
1676440508319999
1676440508359999
1676440508399999
1676440508439999
1676440508479999
1676440508519999
1676440508559999
1676440508599999
1676440508639999
1676440508679999
1676440508719999
1676440508759999
1676440508799999
1676440508839999
1676440508879999
1676440508919999
1676440508959999
1676440508999999
1676440509039999
1676440509079999
1676440509119999
1676440509159999
1676440509199999
1676440509239999
1676440509279999
1676440509319999
1676440509359999
1676440509399999
1676440509439999
1676440509479999
1676440509519999
1676440509559999
1676440509599999
1676440509639999
1676440509679999
1676440509719999
1676440509759999
1676440509799999
1676440509839999
1676440509879999
1676440509919999
1676440509959999
1676440509999999
1676440510039999
1676440510079999
1676440510119999
1676440510159999
1676440510199999
1676440510239999
1676440510279999
1676440510319999
1676440510359999
1676440510399999
1676440510439999
1676440510479999
1676440510519999
1676440510559999
1676440510599999
1676440510639999
1676440510679999
1676440510719999
1676440510759999
1676440510799999
1676440510839999
1676440510879999
1676440510919999
1676440510959999
1676440510999999
1676440511039999
1676440511079999
1676440511119999
1676440511159999
1676440511199999
1676440511239999
1676440511279999
1676440511319999
1676440511359999
1676440511399999
1676440511439999
1676440511479999
1676440511519999
1676440511559999
1676440511599999
1676440511639999
1676440511679999
1676440511719999
1676440511759999
1676440511799999
1676440511839999
1676440511879999
1676440511919999
1676440511959999
1676440511999999
1676440512039999
1676440512079999
1676440512119999
1676440512159999
1676440512199999
1676440512239999
1676440512279999
1676440512319999
1676440512359999
1676440512399999
1676440512439999
1676440512479999
1676440512519999
1676440512559999
1676440512599999
1676440512639999
1676440512679999
1676440512719999
1676440512759999
1676440512799999
1676440512839999
1676440512879999
1676440512919999
1676440512959999
1676440512999999
1676440513039999
1676440513079999
1676440513119999
1676440513159999
1676440513199999
1676440513239999
1676440513279999
1676440513319999
1676440513359999
1676440513399999
1676440513439999
1676440513479999
1676440513519999
1676440513559999
1676440513599999
1676440513639999
1676440513679999
1676440513719999
1676440513759999
1676440513799999
1676440513839999
1676440513879999
1676440513919999
1676440513959999
1676440513999999
1676440514039999
1676440514079999
1676440514119999
1676440514159999
1676440514199999
1676440514239999
1676440514279999
1676440514319999
1676440514359999
1676440514399999
1676440514439999
1676440514479999
1676440514519999
1676440514559999
1676440514599999
1676440514639999
1676440514679999
1676440514719999
1676440514759999
1676440514799999
1676440514839999
1676440514879999
1676440514919999
1676440514959999
1676440514999999
1676440515039999
1676440515079999
1676440515119999
1676440515159999
1676440515199999
1676440515239999
1676440515279999
1676440515319999
1676440515359999
1676440515399999
1676440515439999
1676440515479999
1676440515519999
1676440515559999
1676440515599999
1676440515639999
1676440515679999
1676440515719999
1676440515759999
1676440515799999
1676440515839999
1676440515879999
1676440515919999
1676440515959999
1676440515999999
1676440516039999
1676440516079999
1676440516119999
1676440516159999
1676440516199999
1676440516239999
1676440516279999
1676440516319999
1676440516359999
1676440516399999
1676440516439999
1676440516479999
1676440516519999
1676440516559999
1676440516599999
1676440516639999
1676440516679999
1676440516719999
1676440516759999
1676440516799999
1676440516839999
1676440516879999
1676440516919999
1676440516959999
1676440516999999
1676440517039999
1676440517079999
1676440517119999
1676440517159999
1676440517199999
1676440517239999
1676440517279999
1676440517319999
1676440517359999
1676440517399999
1676440517439999
1676440517479999
1676440517519999
1676440517559999
1676440517599999
1676440517639999
1676440517679999
1676440517719999
1676440517759999
1676440517799999
1676440517839999
1676440517879999
1676440517919999
1676440517959999
1676440517999999
1676440518039999
1676440518079999
1676440518119999
1676440518159999
1676440518199999
1676440518239999
1676440518279999
1676440518319999
1676440518359999
1676440518399999
1676440518439999
1676440518479999
1676440518519999
1676440518559999
1676440518599999
1676440518639999
1676440518679999
1676440518719999
1676440518759999
1676440518799999
1676440518839999
1676440518879999
1676440518919999
1676440518959999
1676440518999999
1676440519039999
1676440519079999
1676440519119999
1676440519159999
1676440519199999
1676440519239999
1676440519279999
1676440519319999
1676440519359999
1676440519399999
1676440519439999
1676440519479999
1676440519519999
1676440519559999
1676440519599999
1676440519639999
1676440519679999
1676440519719999
1676440519759999
1676440519799999
1676440519839999
1676440519879999
1676440519919999
1676440519959999
1676440519999999
1676440520039999
1676440520079999
1676440520119999
1676440520159999
1676440520199999
1676440520239999
1676440520279999
1676440520319999
1676440520359999
1676440520399999
1676440520439999
1676440520479999
1676440520519999
1676440520559999
1676440520599999
1676440520639999
1676440520679999
1676440520719999
1676440520759999
1676440520799999
1676440520839999
1676440520879999
1676440520919999
1676440520959999
1676440520999999
1676440521039999
1676440521079999
1676440521119999
1676440521159999
1676440521199999
1676440521239999
1676440521279999
1676440521319999
1676440521359999
1676440521399999
1676440521439999
1676440521479999
1676440521519999
1676440521559999
1676440521599999
1676440521639999
1676440521679999
1676440521719999
1676440521759999
1676440521799999
1676440521839999
1676440521879999
1676440521919999
1676440521959999
1676440521999999
1676440522039999
1676440522079999
1676440522119999
1676440522159999
1676440522199999
1676440522239999
1676440522279999
1676440522319999
1676440522359999
1676440522399999
1676440522439999
1676440522479999
1676440522519999
1676440522559999
1676440522599999
1676440522639999
1676440522679999
1676440522719999
1676440522759999
1676440522799999
1676440522839999
1676440522879999
1676440522919999
1676440522959999
1676440522999999
1676440523039999
1676440523079999
1676440523119999
1676440523159999
1676440523199999
1676440523239999
1676440523279999
1676440523319999
1676440523359999
1676440523399999
1676440523439999
1676440523479999
1676440523519999
1676440523559999
1676440523599999
1676440523639999
1676440523679999
1676440523719999
1676440523759999
1676440523799999
1676440523839999
1676440523879999
1676440523919999
1676440523959999
1676440523999999
1676440524039999
1676440524079999
1676440524119999
1676440524159999
1676440524199999
1676440524239999
1676440524279999
1676440524319999
1676440524359999
1676440524399999
1676440524439999
1676440524479999
1676440524519999
1676440524559999
1676440524599999
1676440524639999
1676440524679999
1676440524719999
1676440524759999
1676440524799999
1676440524839999
1676440524879999
1676440524919999
1676440524959999
1676440524999999
1676440525039999
1676440525079999
1676440525119999
1676440525159999
1676440525199999
1676440525239999
1676440525279999
1676440525319999
1676440525359999
1676440525399999
1676440525439999
1676440525479999
1676440525519999
1676440525559999
1676440525599999
1676440525639999
1676440525679999
1676440525719999
1676440525759999
1676440525799999
1676440525839999
1676440525879999
1676440525919999
1676440525959999
1676440525999999
1676440526039999
1676440526079999
1676440526119999
1676440526159999
1676440526199999
1676440526239999
1676440526279999
1676440526319999
1676440526359999
1676440526399999
1676440526439999
1676440526479999
1676440526519999
1676440526559999
1676440526599999
1676440526639999
1676440526679999
1676440526719999
1676440526759999
1676440526799999
1676440526839999
1676440526879999
1676440526919999
1676440526959999
1676440526999999
1676440527039999
1676440527079999
1676440527119999
1676440527159999
1676440527199999
1676440527239999
1676440527279999
1676440527319999
1676440527359999
1676440527399999
1676440527439999
1676440527479999
1676440527519999
1676440527559999
1676440527599999
1676440527639999
1676440527679999
1676440527719999
1676440527759999
1676440527799999
1676440527839999
1676440527879999
1676440527919999
1676440527959999
1676440527999999
1676440528039999
1676440528079999
1676440528119999
1676440528159999
1676440528199999
1676440528239999
1676440528279999
1676440528319999
1676440528359999
1676440528399999
1676440528439999
1676440528479999
1676440528519999
1676440528559999
1676440528599999
1676440528639999
1676440528679999
1676440528719999
1676440528759999
1676440528799999
1676440528839999
1676440528879999
1676440528919999
1676440528959999
1676440528999999
1676440529039999
1676440529079999
1676440529119999
1676440529159999
1676440529199999
1676440529239999
1676440529279999
1676440529319999
1676440529359999
1676440529399999
1676440529439999
1676440529479999
1676440529519999
1676440529559999
1676440529599999
1676440529639999
1676440529679999
1676440529719999
1676440529759999
1676440529799999
1676440529839999
1676440529879999
1676440529919999
1676440529959999
1676440529999999
1676440530039999
1676440530079999
1676440530119999
1676440530159999
1676440530199999
1676440530239999
1676440530279999
1676440530319999
1676440530359999
1676440530399999
1676440530439999
1676440530479999
1676440530519999
1676440530559999
1676440530599999
1676440530639999
1676440530679999
1676440530719999
1676440530759999
1676440530799999
1676440530839999
1676440530879999
1676440530919999
1676440530959999
1676440530999999
1676440531039999
1676440531079999
1676440531119999
1676440531159999
1676440531199999
1676440531239999
1676440531279999
1676440531319999
1676440531359999
1676440531399999
1676440531439999
1676440531479999
1676440531519999
1676440531559999
1676440531599999
1676440531639999
1676440531679999
1676440531719999
1676440531759999
1676440531799999
1676440531839999
1676440531879999
1676440531919999
1676440531959999
1676440531999999
1676440532039999
1676440532079999
1676440532119999
1676440532159999
1676440532199999
1676440532239999
1676440532279999
1676440532319999
1676440532359999
1676440532399999
1676440532439999
1676440532479999
1676440532519999
1676440532559999
1676440532599999
1676440532639999
1676440532679999
1676440532719999
1676440532759999
1676440532799999
1676440532839999
1676440532879999
1676440532919999
1676440532959999
1676440532999999
1676440533039999
1676440533079999
1676440533119999
1676440533159999
1676440533199999
1676440533239999
1676440533279999
1676440533319999
1676440533359999
1676440533399999
1676440533439999
1676440533479999
1676440533519999
1676440533559999
1676440533599999
1676440533639999
1676440533679999
1676440533719999
1676440533759999
1676440533799999
1676440533839999
1676440533879999
1676440533919999
1676440533959999
1676440533999999
1676440534039999
1676440534079999
1676440534119999
1676440534159999
1676440534199999
1676440534239999
1676440534279999
1676440534319999
1676440534359999
1676440534399999
1676440534439999
1676440534479999
1676440534519999
1676440534559999
1676440534599999
1676440534639999
1676440534679999
1676440534719999
1676440534759999
1676440534799999
1676440534839999
1676440534879999
1676440534919999
1676440534959999
1676440534999999
1676440535039999
1676440535079999
1676440535119999
1676440535159999
1676440535199999
1676440535239999
1676440535279999
1676440535319999
1676440535359999
1676440535399999
1676440535439999
1676440535479999
1676440535519999
1676440535559999
1676440535599999
1676440535639999
1676440535679999
1676440535719999
1676440535759999
1676440535799999
1676440535839999
1676440535879999
1676440535919999
1676440535959999
1676440535999999
1676440536039999
1676440536079999
1676440536119999
1676440536159999
1676440536199999
1676440536239999
1676440536279999
1676440536319999
1676440536359999
1676440536399999
1676440536439999
1676440536479999
1676440536519999
1676440536559999
1676440536599999
1676440536639999
1676440536679999
1676440536719999
1676440536759999
1676440536799999
1676440536839999
1676440536879999
1676440536919999
1676440536959999
1676440536999999
1676440537039999
1676440537079999
1676440537119999
1676440537159999
1676440537199999
1676440537239999
1676440537279999
1676440537319999
1676440537359999
1676440537399999
1676440537439999
1676440537479999
1676440537519999
1676440537559999
1676440537599999
1676440537639999
1676440537679999
1676440537719999
1676440537759999
1676440537799999
1676440537839999
1676440537879999
1676440537919999
1676440537959999
1676440537999999
1676440538039999
1676440538079999
1676440538119999
1676440538159999
1676440538199999
1676440538239999
1676440538279999
1676440538319999
1676440538359999
1676440538399999
1676440538439999
1676440538479999
1676440538519999
1676440538559999
1676440538599999
1676440538639999
1676440538679999
1676440538719999
1676440538759999
1676440538799999
1676440538839999
1676440538879999
1676440538919999
1676440538959999
1676440538999999
1676440539039999
1676440539079999
1676440539119999
1676440539159999
1676440539199999
1676440539239999
1676440539279999
1676440539319999
1676440539359999
1676440539399999
1676440539439999
1676440539479999
1676440539519999
1676440539559999
1676440539599999
1676440539639999
1676440539679999
1676440539719999
1676440539759999
1676440539799999
1676440539839999
1676440539879999
1676440539919999
1676440539959999
1676440539999999
1676440540039999
1676440540079999
1676440540119999
1676440540159999
1676440540199999
1676440540239999
1676440540279999
1676440540319999
1676440540359999
1676440540399999
1676440540439999
1676440540479999
1676440540519999
1676440540559999
1676440540599999
1676440540639999
1676440540679999
1676440540719999
1676440540759999
1676440540799999
1676440540839999
1676440540879999
1676440540919999
1676440540959999
1676440540999999
1676440541039999
1676440541079999
1676440541119999
1676440541159999
1676440541199999
1676440541239999
1676440541279999
1676440541319999
1676440541359999
1676440541399999
1676440541439999
1676440541479999
1676440541519999
1676440541559999
1676440541599999
1676440541639999
1676440541679999
1676440541719999
1676440541759999
1676440541799999
1676440541839999
1676440541879999
1676440541919999
1676440541959999
1676440541999999
1676440542039999
1676440542079999
1676440542119999
1676440542159999
1676440542199999
1676440542239999
1676440542279999
1676440542319999
1676440542359999
1676440542399999
1676440542439999
1676440542479999
1676440542519999
1676440542559999
1676440542599999
1676440542639999
1676440542679999
1676440542719999
1676440542759999
1676440542799999
1676440542839999
1676440542879999
1676440542919999
1676440542959999
1676440542999999
1676440543039999
1676440543079999
1676440543119999
1676440543159999
1676440543199999
1676440543239999
1676440543279999
1676440543319999
1676440543359999
1676440543399999
1676440543439999
1676440543479999
1676440543519999
1676440543559999
1676440543599999
1676440543639999
1676440543679999
1676440543719999
1676440543759999
1676440543799999
1676440543839999
1676440543879999
1676440543919999
1676440543959999
1676440543999999
1676440544039999
1676440544079999
1676440544119999
1676440544159999
1676440544199999
1676440544239999
1676440544279999
1676440544319999
1676440544359999
1676440544399999
1676440544439999
1676440544479999
1676440544519999
1676440544559999
1676440544599999
1676440544639999
1676440544679999
1676440544719999
1676440544759999
1676440544799999
1676440544839999
1676440544879999
1676440544919999
1676440544959999
1676440544999999
1676440545039999
1676440545079999
1676440545119999
1676440545159999
1676440545199999
1676440545239999
1676440545279999
1676440545319999
1676440545359999
1676440545399999
1676440545439999
1676440545479999
1676440545519999
1676440545559999
1676440545599999
1676440545639999
1676440545679999
1676440545719999
1676440545759999
1676440545799999
1676440545839999
1676440545879999
1676440545919999
1676440545959999
1676440545999999
1676440546039999
1676440546079999
1676440546119999
1676440546159999
1676440546199999
1676440546239999
1676440546279999
1676440546319999
1676440546359999
1676440546399999
1676440546439999
1676440546479999
1676440546519999
1676440546559999
1676440546599999
1676440546639999
1676440546679999
1676440546719999
1676440546759999
1676440546799999
1676440546839999
1676440546879999
1676440546919999
1676440546959999
1676440546999999
1676440547039999
1676440547079999
1676440547119999
1676440547159999
1676440547199999
1676440547239999
1676440547279999
1676440547319999
1676440547359999
1676440547399999
1676440547439999
1676440547479999
1676440547519999
1676440547559999
1676440547599999
1676440547639999
1676440547679999
1676440547719999
1676440547759999
1676440547799999
1676440547839999
1676440547879999
1676440547919999
1676440547959999
1676440547999999
1676440548039999
1676440548079999
1676440548119999
1676440548159999
1676440548199999
1676440548239999
1676440548279999
1676440548319999
1676440548359999
1676440548399999
1676440548439999
1676440548479999
1676440548519999
1676440548559999
1676440548599999
1676440548639999
1676440548679999
1676440548719999
1676440548759999
1676440548799999
1676440548839999
1676440548879999
1676440548919999
1676440548959999
1676440548999999
1676440549039999
1676440549079999
1676440549119999
1676440549159999
1676440549199999
1676440549239999
1676440549279999
1676440549319999
1676440549359999
1676440549399999
1676440549439999
1676440549479999
1676440549519999
1676440549559999
1676440549599999
1676440549639999
1676440549679999
1676440549719999
1676440549759999
1676440549799999
1676440549839999
1676440549879999
1676440549919999
1676440549959999
1676440549999999
1676440550039999
1676440550079999
1676440550119999
1676440550159999
1676440550199999
1676440550239999
1676440550279999
1676440550319999
1676440550359999
1676440550399999
1676440550439999
1676440550479999
1676440550519999
1676440550559999
1676440550599999
1676440550639999
1676440550679999
1676440550719999
1676440550759999
1676440550799999
1676440550839999
1676440550879999
1676440550919999
1676440550959999
1676440550999999
1676440551039999
1676440551079999
1676440551119999
1676440551159999
1676440551199999
1676440551239999
1676440551279999
1676440551319999
1676440551359999
1676440551399999
1676440551439999
1676440551479999
1676440551519999
1676440551559999
1676440551599999
1676440551639999
1676440551679999
1676440551719999
1676440551759999
1676440551799999
1676440551839999
1676440551879999
1676440551919999
1676440551959999
1676440551999999
1676440552039999
1676440552079999
1676440552119999
1676440552159999
1676440552199999
1676440552239999
1676440552279999
1676440552319999
1676440552359999
1676440552399999
1676440552439999
1676440552479999
1676440552519999
1676440552559999
1676440552599999
1676440552639999
1676440552679999
1676440552719999
1676440552759999
1676440552799999
1676440552839999
1676440552879999
1676440552919999
1676440552959999
1676440552999999
1676440553039999
1676440553079999
1676440553119999
1676440553159999
1676440553199999
1676440553239999
1676440553279999
1676440553319999
1676440553359999
1676440553399999
1676440553439999
1676440553479999
1676440553519999
1676440553559999
1676440553599999
1676440553639999
1676440553679999
1676440553719999
1676440553759999
1676440553799999
1676440553839999
1676440553879999
1676440553919999
1676440553959999
1676440553999999
1676440554039999
1676440554079999
1676440554119999
1676440554159999
1676440554199999
1676440554239999
1676440554279999
1676440554319999
1676440554359999
1676440554399999
1676440554439999
1676440554479999
1676440554519999
1676440554559999
1676440554599999
1676440554639999
1676440554679999
1676440554719999
1676440554759999
1676440554799999
1676440554839999
1676440554879999
1676440554919999
1676440554959999
1676440554999999
1676440555039999
1676440555079999
1676440555119999
1676440555159999
1676440555199999
1676440555239999
1676440555279999
1676440555319999
1676440555359999
1676440555399999
1676440555439999
1676440555479999
1676440555519999
1676440555559999
1676440555599999
1676440555639999
1676440555679999
1676440555719999
1676440555759999
1676440555799999
1676440555839999
1676440555879999
1676440555919999
1676440555959999
1676440555999999
1676440556039999
1676440556079999
1676440556119999
1676440556159999
1676440556199999
1676440556239999
1676440556279999
1676440556319999
1676440556359999
1676440556399999
1676440556439999
1676440556479999
1676440556519999
1676440556559999
1676440556599999
1676440556639999
1676440556679999
1676440556719999
1676440556759999
1676440556799999
1676440556839999
1676440556879999
1676440556919999
1676440556959999
1676440556999999
1676440557039999
1676440557079999
1676440557119999
1676440557159999
1676440557199999
1676440557239999
1676440557279999
1676440557319999
1676440557359999
1676440557399999
1676440557439999
1676440557479999
1676440557519999
1676440557559999
1676440557599999
1676440557639999
1676440557679999
1676440557719999
1676440557759999
1676440557799999
1676440557839999
1676440557879999
1676440557919999
1676440557959999
1676440557999999
1676440558039999
1676440558079999
1676440558119999
1676440558159999
1676440558199999
1676440558239999
1676440558279999
1676440558319999
1676440558359999
1676440558399999
1676440558439999
1676440558479999
1676440558519999
1676440558559999
1676440558599999
1676440558639999
1676440558679999
1676440558719999
1676440558759999
1676440558799999
1676440558839999
1676440558879999
1676440558919999
1676440558959999
1676440558999999
1676440559039999
1676440559079999
1676440559119999
1676440559159999
1676440559199999
1676440559239999
1676440559279999
1676440559319999
1676440559359999
1676440559399999
1676440559439999
1676440559479999
1676440559519999
1676440559559999
1676440559599999
1676440559639999
1676440559679999
1676440559719999
1676440559759999
1676440559799999
1676440559839999
1676440559879999
1676440559919999
1676440559959999
1676440559999999
1676440560039999
1676440560079999
1676440560119999
1676440560159999
1676440560199999
1676440560239999
1676440560279999
1676440560319999
1676440560359999
1676440560399999
1676440560439999
1676440560479999
1676440560519999
1676440560559999
1676440560599999
1676440560639999
1676440560679999
1676440560719999
1676440560759999
1676440560799999
1676440560839999
1676440560879999
1676440560919999
1676440560959999
1676440560999999
1676440561039999
1676440561079999
1676440561119999
1676440561159999
1676440561199999
1676440561239999
1676440561279999
1676440561319999
1676440561359999
1676440561399999
1676440561439999
1676440561479999
1676440561519999
1676440561559999
1676440561599999
1676440561639999
1676440561679999
1676440561719999
1676440561759999
1676440561799999
1676440561839999
1676440561879999
1676440561919999
1676440561959999
1676440561999999
1676440562039999
1676440562079999
1676440562119999
1676440562159999
1676440562199999
1676440562239999
1676440562279999
1676440562319999
1676440562359999
1676440562399999
1676440562439999
1676440562479999
1676440562519999
1676440562559999
1676440562599999
1676440562639999
1676440562679999
1676440562719999
1676440562759999
1676440562799999
1676440562839999
1676440562879999
1676440562919999
1676440562959999
1676440562999999
1676440563039999
1676440563079999
1676440563119999
1676440563159999
1676440563199999
1676440563239999
1676440563279999
1676440563319999
1676440563359999
1676440563399999
1676440563439999
1676440563479999
1676440563519999
1676440563559999
1676440563599999
1676440563639999
1676440563679999
1676440563719999
1676440563759999
1676440563799999
1676440563839999
1676440563879999
1676440563919999
1676440563959999
1676440563999999
1676440564039999
1676440564079999
1676440564119999
1676440564159999
1676440564199999
1676440564239999
1676440564279999
1676440564319999
1676440564359999
1676440564399999
1676440564439999
1676440564479999
1676440564519999
1676440564559999
1676440564599999
1676440564639999
1676440564679999
1676440564719999
1676440564759999
1676440564799999
1676440564839999
1676440564879999
1676440564919999
1676440564959999
1676440564999999
1676440565039999
1676440565079999
1676440565119999
1676440565159999
1676440565199999
1676440565239999
1676440565279999
1676440565319999
1676440565359999
1676440565399999
1676440565439999
1676440565479999
1676440565519999
1676440565559999
1676440565599999
1676440565639999
1676440565679999
1676440565719999
1676440565759999
1676440565799999
1676440565839999
1676440565879999
1676440565919999
1676440565959999
1676440565999999
1676440566039999
1676440566079999
1676440566119999
1676440566159999
1676440566199999
1676440566239999
1676440566279999
1676440566319999
1676440566359999
1676440566399999
1676440566439999
1676440566479999
1676440566519999
1676440566559999
1676440566599999
1676440566639999
1676440566679999
1676440566719999
1676440566759999
1676440566799999
1676440566839999
1676440566879999
1676440566919999
1676440566959999
1676440566999999
1676440567039999
1676440567079999
1676440567119999
1676440567159999
1676440567199999
1676440567239999
1676440567279999
1676440567319999
1676440567359999
1676440567399999
1676440567439999
1676440567479999
1676440567519999
1676440567559999
1676440567599999
1676440567639999
1676440567679999
1676440567719999
1676440567759999
1676440567799999
1676440567839999
1676440567879999
1676440567919999
1676440567959999
1676440567999999
1676440568039999
1676440568079999
1676440568119999
1676440568159999
1676440568199999
1676440568239999
1676440568279999
1676440568319999
1676440568359999
1676440568399999
1676440568439999
1676440568479999
1676440568519999
1676440568559999
1676440568599999
1676440568639999
1676440568679999
1676440568719999
1676440568759999
1676440568799999
1676440568839999
1676440568879999
1676440568919999
1676440568959999
1676440568999999
1676440569039999
1676440569079999
1676440569119999
1676440569159999
1676440569199999
1676440569239999
1676440569279999
1676440569319999
1676440569359999
1676440569399999
1676440569439999
1676440569479999
1676440569519999
1676440569559999
1676440569599999
1676440569639999
1676440569679999
1676440569719999
1676440569759999
1676440569799999
1676440569839999
1676440569879999
1676440569919999
1676440569959999
1676440569999999
1676440570039999
1676440570079999
1676440570119999
1676440570159999
1676440570199999
1676440570239999
1676440570279999
1676440570319999
1676440570359999
1676440570399999
1676440570439999
1676440570479999
1676440570519999
1676440570559999
1676440570599999
1676440570639999
1676440570679999
1676440570719999
1676440570759999
1676440570799999
1676440570839999
1676440570879999
1676440570919999
1676440570959999
1676440570999999
1676440571039999
1676440571079999
1676440571119999
1676440571159999
1676440571199999
1676440571239999
1676440571279999
1676440571319999
1676440571359999
1676440571399999
1676440571439999
1676440571479999
1676440571519999
1676440571559999
1676440571599999
1676440571639999
1676440571679999
1676440571719999
1676440571759999
1676440571799999
1676440571839999
1676440571879999
1676440571919999
1676440571959999
1676440571999999
1676440572039999
1676440572079999
1676440572119999
1676440572159999
1676440572199999
1676440572239999
1676440572279999
1676440572319999
1676440572359999
1676440572399999
1676440572439999
1676440572479999
1676440572519999
1676440572559999
1676440572599999
1676440572639999
1676440572679999
1676440572719999
1676440572759999
1676440572799999
1676440572839999
1676440572879999
1676440572919999
1676440572959999
1676440572999999
1676440573039999
1676440573079999
1676440573119999
1676440573159999
1676440573199999
1676440573239999
1676440573279999
1676440573319999
1676440573359999
1676440573399999
1676440573439999
1676440573479999
1676440573519999
1676440573559999
1676440573599999
1676440573639999
1676440573679999
1676440573719999
1676440573759999
1676440573799999
1676440573839999
1676440573879999
1676440573919999
1676440573959999
1676440573999999
1676440574039999
1676440574079999
1676440574119999
1676440574159999
1676440574199999
1676440574239999
1676440574279999
1676440574319999
1676440574359999
1676440574399999
1676440574439999
1676440574479999
1676440574519999
1676440574559999
1676440574599999
1676440574639999
1676440574679999
1676440574719999
1676440574759999
1676440574799999
1676440574839999
1676440574879999
1676440574919999
1676440574959999
1676440574999999
1676440575039999
1676440575079999
1676440575119999
1676440575159999
1676440575199999
1676440575239999
1676440575279999
1676440575319999
1676440575359999
1676440575399999
1676440575439999
1676440575479999
1676440575519999
1676440575559999
1676440575599999
1676440575639999
1676440575679999
1676440575719999
1676440575759999
1676440575799999
1676440575839999
1676440575879999
1676440575919999
1676440575959999
1676440575999999
1676440576039999
1676440576079999
1676440576119999
1676440576159999
1676440576199999
1676440576239999
1676440576279999
1676440576319999
1676440576359999
1676440576399999
1676440576439999
1676440576479999
1676440576519999
1676440576559999
1676440576599999
1676440576639999
1676440576679999
1676440576719999
1676440576759999
1676440576799999
1676440576839999
1676440576879999
1676440576919999
1676440576959999
1676440576999999
1676440577039999
1676440577079999
1676440577119999
1676440577159999
1676440577199999
1676440577239999
1676440577279999
1676440577319999
1676440577359999
1676440577399999
1676440577439999
1676440577479999
1676440577519999
1676440577559999
1676440577599999
1676440577639999
1676440577679999
1676440577719999
1676440577759999
1676440577799999
1676440577839999
1676440577879999
1676440577919999
1676440577959999
1676440577999999
1676440578039999
1676440578079999
1676440578119999
1676440578159999
1676440578199999
1676440578239999
1676440578279999
1676440578319999
1676440578359999
1676440578399999
1676440578439999
1676440578479999
1676440578519999
1676440578559999
1676440578599999
1676440578639999
1676440578679999
1676440578719999
1676440578759999
1676440578799999
1676440578839999
1676440578879999
1676440578919999
1676440578959999
1676440578999999
1676440579039999
1676440579079999
1676440579119999
1676440579159999
1676440579199999
1676440579239999
1676440579279999
1676440579319999
1676440579359999
1676440579399999
1676440579439999
1676440579479999
1676440579519999
1676440579559999
1676440579599999
1676440579639999
1676440579679999
1676440579719999
1676440579759999
1676440579799999
1676440579839999
1676440579879999
1676440579919999
1676440579959999
1676440579999999
1676440580039999
1676440580079999
1676440580119999
1676440580159999
1676440580199999
1676440580239999
1676440580279999
1676440580319999
1676440580359999
1676440580399999
1676440580439999
1676440580479999
1676440580519999
1676440580559999
1676440580599999
1676440580639999
1676440580679999
1676440580719999
1676440580759999
1676440580799999
1676440580839999
1676440580879999
1676440580919999
1676440580959999
1676440580999999
1676440581039999
1676440581079999
1676440581119999
1676440581159999
1676440581199999
1676440581239999
1676440581279999
1676440581319999
1676440581359999
1676440581399999
1676440581439999
1676440581479999
1676440581519999
1676440581559999
1676440581599999
1676440581639999
1676440581679999
1676440581719999
1676440581759999
1676440581799999
1676440581839999
1676440581879999
1676440581919999
1676440581959999
1676440581999999
1676440582039999
1676440582079999
1676440582119999
1676440582159999
1676440582199999
1676440582239999
1676440582279999
1676440582319999
1676440582359999
1676440582399999
1676440582439999
1676440582479999
1676440582519999
1676440582559999
1676440582599999
1676440582639999
1676440582679999
1676440582719999
1676440582759999
1676440582799999
1676440582839999
1676440582879999
1676440582919999
1676440582959999
1676440582999999
1676440583039999
1676440583079999
1676440583119999
1676440583159999
1676440583199999
1676440583239999
1676440583279999
1676440583319999
1676440583359999
1676440583399999
1676440583439999
1676440583479999
1676440583519999
1676440583559999
1676440583599999
1676440583639999
1676440583679999
1676440583719999
1676440583759999
1676440583799999
1676440583839999
1676440583879999
1676440583919999
1676440583959999
1676440583999999
1676440584039999
1676440584079999
1676440584119999
1676440584159999
1676440584199999
1676440584239999
1676440584279999
1676440584319999
1676440584359999
1676440584399999
1676440584439999
1676440584479999
1676440584519999
1676440584559999
1676440584599999
1676440584639999
1676440584679999
1676440584719999
1676440584759999
1676440584799999
1676440584839999
1676440584879999
1676440584919999
1676440584959999
1676440584999999
1676440585039999
1676440585079999
1676440585119999
1676440585159999
1676440585199999
1676440585239999
1676440585279999
1676440585319999
1676440585359999
1676440585399999
1676440585439999
1676440585479999
1676440585519999
1676440585559999
1676440585599999
1676440585639999
1676440585679999
1676440585719999
1676440585759999
1676440585799999
1676440585839999
1676440585879999
1676440585919999
1676440585959999
1676440585999999
1676440586039999
1676440586079999
1676440586119999
1676440586159999
1676440586199999
1676440586239999
1676440586279999
1676440586319999
1676440586359999
1676440586399999
1676440586439999
1676440586479999
1676440586519999
1676440586559999
1676440586599999
1676440586639999
1676440586679999
1676440586719999
1676440586759999
1676440586799999
1676440586839999
1676440586879999
1676440586919999
1676440586959999
1676440586999999
1676440587039999
1676440587079999
1676440587119999
1676440587159999
1676440587199999
1676440587239999
1676440587279999
1676440587319999
1676440587359999
1676440587399999
1676440587439999
1676440587479999
1676440587519999
1676440587559999
1676440587599999
1676440587639999
1676440587679999
1676440587719999
1676440587759999
1676440587799999
1676440587839999
1676440587879999
1676440587919999
1676440587959999
1676440587999999
1676440588039999
1676440588079999
1676440588119999
1676440588159999
1676440588199999
1676440588239999
1676440588279999
1676440588319999
1676440588359999
1676440588399999
1676440588439999
1676440588479999
1676440588519999
1676440588559999
1676440588599999
1676440588639999
1676440588679999
1676440588719999
1676440588759999
1676440588799999
1676440588839999
1676440588879999
1676440588919999
1676440588959999
1676440588999999
1676440589039999
1676440589079999
1676440589119999
1676440589159999
1676440589199999
1676440589239999
1676440589279999
1676440589319999
1676440589359999
1676440589399999
1676440589439999
1676440589479999
1676440589519999
1676440589559999
1676440589599999
1676440589639999
1676440589679999
1676440589719999
1676440589759999
1676440589799999
1676440589839999
1676440589879999
1676440589919999
1676440589959999
1676440589999999
1676440590039999
1676440590079999
1676440590119999
1676440590159999
1676440590199999
1676440590239999
1676440590279999
1676440590319999
1676440590359999
1676440590399999
1676440590439999
1676440590479999
1676440590519999
1676440590559999
1676440590599999
1676440590639999
1676440590679999
1676440590719999
1676440590759999
1676440590799999
1676440590839999
1676440590879999
1676440590919999
1676440590959999
1676440590999999
1676440591039999
1676440591079999
1676440591119999
1676440591159999
1676440591199999
1676440591239999
1676440591279999
1676440591319999
1676440591359999
1676440591399999
1676440591439999
1676440591479999
1676440591519999
1676440591559999
1676440591599999
1676440591639999
1676440591679999
1676440591719999
1676440591759999
1676440591799999
1676440591839999
1676440591879999
1676440591919999
1676440591959999
1676440591999999
1676440592039999
1676440592079999
1676440592119999
1676440592159999
1676440592199999
1676440592239999
1676440592279999
1676440592319999
1676440592359999
1676440592399999
1676440592439999
1676440592479999
1676440592519999
1676440592559999
1676440592599999
1676440592639999
1676440592679999
1676440592719999
1676440592759999
1676440592799999
1676440592839999
1676440592879999
1676440592919999
1676440592959999
1676440592999999
1676440593039999
1676440593079999
1676440593119999
1676440593159999
1676440593199999
1676440593239999
1676440593279999
1676440593319999
1676440593359999
1676440593399999
1676440593439999
1676440593479999
1676440593519999
1676440593559999
1676440593599999
1676440593639999
1676440593679999
1676440593719999
1676440593759999
1676440593799999
1676440593839999
1676440593879999
1676440593919999
1676440593959999
1676440593999999
1676440594039999
1676440594079999
1676440594119999
1676440594159999
1676440594199999
1676440594239999
1676440594279999
1676440594319999
1676440594359999
1676440594399999
1676440594439999
1676440594479999
1676440594519999
1676440594559999
1676440594599999
1676440594639999
1676440594679999
1676440594719999
1676440594759999
1676440594799999
1676440594839999
1676440594879999
1676440594919999
1676440594959999
1676440594999999
1676440595039999
1676440595079999
1676440595119999
1676440595159999
1676440595199999
1676440595239999
1676440595279999
1676440595319999
1676440595359999
1676440595399999
1676440595439999
1676440595479999
1676440595519999
1676440595559999
1676440595599999
1676440595639999
1676440595679999
1676440595719999
1676440595759999
1676440595799999
1676440595839999
1676440595879999
1676440595919999
1676440595959999
1676440595999999
1676440596039999
1676440596079999
1676440596119999
1676440596159999
1676440596199999
1676440596239999
1676440596279999
1676440596319999
1676440596359999
1676440596399999
1676440596439999
1676440596479999
1676440596519999
1676440596559999
1676440596599999
1676440596639999
1676440596679999
1676440596719999
1676440596759999
1676440596799999
1676440596839999
1676440596879999
1676440596919999
1676440596959999
1676440596999999
1676440597039999
1676440597079999
1676440597119999
1676440597159999
1676440597199999
1676440597239999
1676440597279999
1676440597319999
1676440597359999
1676440597399999
1676440597439999
1676440597479999
1676440597519999
1676440597559999
1676440597599999
1676440597639999
1676440597679999
1676440597719999
1676440597759999
1676440597799999
1676440597839999
1676440597879999
1676440597919999
1676440597959999
1676440597999999
1676440598039999
1676440598079999
1676440598119999
1676440598159999
1676440598199999
1676440598239999
1676440598279999
1676440598319999
1676440598359999
1676440598399999
1676440598439999
1676440598479999
1676440598519999
1676440598559999
1676440598599999
1676440598639999
1676440598679999
1676440598719999
1676440598759999
1676440598799999
1676440598839999
1676440598879999
1676440598919999
1676440598959999
1676440598999999
1676440599039999
1676440599079999
1676440599119999
1676440599159999
1676440599199999
1676440599239999
1676440599279999
1676440599319999
1676440599359999
1676440599399999
1676440599439999
1676440599479999
1676440599519999
1676440599559999
1676440599599999
1676440599639999
1676440599679999
1676440599719999
1676440599759999
1676440599799999
1676440599839999
1676440599879999
1676440599919999
1676440599959999
1676440599999999
1676440600039999
1676440600079999
1676440600119999
1676440600159999
1676440600199999
1676440600239999
1676440600279999
1676440600319999
1676440600359999
1676440600399999
1676440600439999
1676440600479999
1676440600519999
1676440600559999
1676440600599999
1676440600639999
1676440600679999
1676440600719999
1676440600759999
1676440600799999
1676440600839999
1676440600879999
1676440600919999
1676440600959999
1676440600999999
1676440601039999
1676440601079999
1676440601119999
1676440601159999
1676440601199999
1676440601239999
1676440601279999
1676440601319999
1676440601359999
1676440601399999
1676440601439999
1676440601479999
1676440601519999
1676440601559999
1676440601599999
1676440601639999
1676440601679999
1676440601719999
1676440601759999
1676440601799999
1676440601839999
1676440601879999
1676440601919999
1676440601959999
1676440601999999
1676440602039999
1676440602079999
1676440602119999
1676440602159999
1676440602199999
1676440602239999
1676440602279999
1676440602319999
1676440602359999
1676440602399999
1676440602439999
1676440602479999
1676440602519999
1676440602559999
1676440602599999
1676440602639999
1676440602679999
1676440602719999
1676440602759999
1676440602799999
1676440602839999
1676440602879999
1676440602919999
1676440602959999
1676440602999999
1676440603039999
1676440603079999
1676440603119999
1676440603159999
1676440603199999
1676440603239999
1676440603279999
1676440603319999
1676440603359999
1676440603399999
1676440603439999
1676440603479999
1676440603519999
1676440603559999
1676440603599999
1676440603639999
1676440603679999
1676440603719999
1676440603759999
1676440603799999
1676440603839999
1676440603879999
1676440603919999
1676440603959999
1676440603999999
1676440604039999
1676440604079999
1676440604119999
1676440604159999
1676440604199999
1676440604239999
1676440604279999
1676440604319999
1676440604359999
1676440604399999
1676440604439999
1676440604479999
1676440604519999
1676440604559999
1676440604599999
1676440604639999
1676440604679999
1676440604719999
1676440604759999
1676440604799999
1676440604839999
1676440604879999
1676440604919999
1676440604959999
1676440604999999
1676440605039999
1676440605079999
1676440605119999
1676440605159999
1676440605199999
1676440605239999
1676440605279999
1676440605319999
1676440605359999
1676440605399999
1676440605439999
1676440605479999
1676440605519999
1676440605559999
1676440605599999
1676440605639999
1676440605679999
1676440605719999
1676440605759999
1676440605799999
1676440605839999
1676440605879999

